-20473
-66761
97038
-41000
-85347
-62312
93612
8042
-70902
-71725
-27328
-94004
-69218
13249
-1317
34648
60557
-14219
-95131
-7127
33459
60614
-4632
-76007
65315
-50704
17862
66201
-16338
92423
-93598
-87568
49654
3339
15238
38083
-19151
56606
-80077
-2877
-42477
-68375
-76468
-16921
-11081
16030
-36243
31503
24719
-40710
-64052
-57839
69768
19506
-3845
99722
53607
-4651
-16666
14023
15723
-77621
74243
-96833
42091
57822
73253
14507
68355
-38733
-57296
89682
61772
58376
-85610
-13953
91571
-59121
75094
28889
-27265
61632
-1509
-83882
1507
-33978
84340
-52874
10821
72543
87188
29317
-32922
-60176
99809
-19165
-87631
-56732
25634
-64059
-5773
-61552
-17529
75281
-85865
-46480
72134
5195
-9568
-24939
23572
32894
-64804
-4960
-71193
-47565
42257
26064
-17148
66687
36492
-93629
-76828
-60588
25858
87887
45814
-77183
-79239
10888
-35809
20976
19884
-81865
97150
77965
-86963
-80608
-30683
98455
80242
-96296
-42032
-82069
-84479
-16412
-2235
-52886
38316
-17437
85820
72260
81357
-94167
-50404
-58506
91303
93664
-1195
64643
-93028
81718
-83450
-93013
-40489
4519
51764
-98767
32437
23153
13482
-65374
22166
59356
22108
-74951
-55397
-11344
-59573
90580
35667
29076
67220
-59787
83261
14632
84531
-45392
72546
-53924
24377
-99715
39347
70619
81718
-21512
46746
13744
-57574
-27608
72520
64
70091
-20436
72389
20817
-52859
78341
-53875
-19975
13524
33553
-23303
54253
48299
25461
-72631
71735
-35251
2719
65010
-72295
-4497
23220
-89848
92306
-37824
-66393
82949
66729
59319
-63947
61872
97180
-69527
-1816
32710
-17135
17012
-57686
-41788
-26174
-39782
-24472
59271
-63854
-33469
-67151
36362
76279
-6391
-1043
-26040
45554
57719
18388
-56961
50999
-21842
-69003
-29495
-27451
-9271
-60349
83744
23162
-40406
33936
-64015
-94363
68764
-49718
83115
27944
68976
34027
-8336
92400
43267
-78999
93208
-23853
56132
82881
-29369
66262
81673
-35350
18212
39496
-71566
47641
-25522
13752
83842
-71922
-39729
74542
-52174
-97640
93387
65408
-90812
35792
-36452
-69238
9381
-96952
74359
97071
49175
-39585
27102
35865
70838
-41634
-98526
-34327
43172
54284
-50547
43460
65776
11602
4287
-89851
-77692
-30775
70871
53838
38788
89282
60773
70163
96528
25392
-12194
87644
12458
-79282
55813
-20264
-99726
7529
-25839
1173
41221
-16637
-87630
-61860
-80724
-7744
46142
33019
-74310
-67693
-48463
-33084
56687
-79173
94669
6395
-48607
11189
52019
-60568
70588
65903
55706
-20454
10213
22780
69708
-72189
-34114
676
-70564
47556
-29193
20032
-68063
-56687
-75145
-71928
-453
-24186
30437
45773
29839
99575
99955
75341
-18990
71196
-57284
-53551
46937
64811
-60295
67208
3344
78645
-55082
84737
12463
-64307
-84706
15194
-8753
-25596
6864
-93708
42825
48341
67249
-78678
72890
-35806
30613
52036
-59905
-56689
32251
-95421
-64839
-50767
-40650
23050
-83044
63943
-46035
31062
56613
-86326
23990
-94892
30848
-32918
3227
-90432
59945
-89102
-18486
84148
80159
22874
-62949
77277
74435
-1174
14775
71895
82880
-33724
-88419
-44833
-75643
-26374
70507
-32603
-81276
25926
-1226
-3903
-97258
79098
94316
13062
79585
57457
-11863
12071
57589
69187
-12098
85279
-24132
34979
-44706
-33981
48347
68088
50701
-94773
-76790
74326
85776
83502
17159
34685
-83221
44557
73281
38901
-18158
-20521
-55882
-91908
-5892
-51874
-15270
-51167
-79994
88839
-26424
68135
66222
-26462
-18184
39211
52142
41419
86805
-88415
29662
33790
-51060
-25901
-88441
27429
45117
30131
-58157
-23186
27273
-69636
-93678
59146
46917
96546
10322
-53367
-20811
42780
-28917
10524
-95769
10036
-24609
11671
42508
-22324
-45800
73010
29036
70686
-39296
-71636
44324
96015
61992
83220
29872
35649
38841
-92566
-43782
-51165
66805
-96505
53762
83987
-88838
-19075
54198
53734
-30002
-44700
-66295
8575
-39070
-83838
12083
-87411
1617
-66199
82434
39941
-62430
-80762
-37402
16391
-26332
13267
-37081
71022
-19709
62458
-62581
24448
-77948
39818
5553
-90490
22883
56996
97262
-84214
50659
-74023
-92030
5059
-3173
-36644
17085
-86212
6194
-55203
-61333
63318
72998
-41991
19526
-12160
-35257
16996
-20222
42150
79643
55279
-76511
-82100
62823
65043
54795
95551
37583
83873
40415
17128
91302
-98010
23734
80228
-11648
-84163
82299
-76758
91933
-36459
-20890
12913
34304
-75868
-30696
-53446
63095
-23893
95790
65959
-50167
-8789
-23930
49841
9639
-1196
-51896
-15003
-70762
38612
81067
-6326
15789
-9128
12765
2709
66734
-45844
7250
-27231
-64313
10269
71060
-20759
60262
60804
-35199
-50286
-19295
-81394
1448
21588
-12564
43546
-78284
88845
-60708
-3502
51285
41662
-42591
-68559
87447
-59593
63583
44162
95954
95167
-29215
2033
-64026
-11445
26644
-36260
294
17337
-7760
42128
87004
-59434
-9621
-8516
32419
-63520
-92755
89786
14030
14902
90069
8714
42070
-20390
79165
-65815
-41691
-59482
-62482
-94497
58059
-16212
-67082
3036
-65392
-44564
1570
-57986
-31354
-36310
-32524
78559
-59132
-34654
-90955
-99900
83105
2868
-97613
-17571
-21058
15551
80
98626
-89569
59604
41277
-56442
-61310
-30613
-47872
36803
5013
-73325
-62045
-46977
84911
5102
-95141
-99556
-55907
83178
-85743
-52523
-78524
47934
21162
-88553
75107
-56079
-65951
31954
653
-71208
24610
63878
-12561
-181
27409
-80068
48263
56637
-65099
23879
31813
-22548
-30944
-80820
6716
72717
15281
99601
27235
-59298
91812
-11708
4070
88051
-43062
57914
-5119
-76263
43216
8307
75950
71134
-81880
-25393
77772
-7279
-37153
40483
88932
-61086
57210
-37252
84405
67436
-92080
67636
-43814
178
-51550
54439
-90505
-38126
-39670
14846
-85302
-56542
-51888
-95050
67158
50632
16042
24258
-34317
-47341
-48764
-96938
16009
34974
-90124
27291
857
-38271
-85287
-72665
-24547
60275
-49119
-32296
-7699
-70925
-47625
-85289
40880
9487
-12614
98697
2014
-49149
11809
-58506
44533
38014
55682
93873
-42072
-47051
95096
75397
-72225
42741
88329
-99765
-74423
-67441
90160
21627
51588
53732
-66028
81002
71845
12410
-19139
27024
17047
-4291
87926
-32498
-18311
-53848
-13752
92316
3424
41870
21946
-38663
-69882
-24868
-39838
78363
-7653
65827
-65464
45273
-53825
21881
-1217
74877
21350
73118
20070
38789
22169
12989
8990
-51421
-99938
-9731
99729
79043
8722
-18852
81677
79517
-24198
85755
-31357
-47478
-71493
-49384
22430
78692
22368
-50130
82361
-43035
7088
-43220
38578
-94060
29828
-93097
73141
78241
-89520
80436
4630
74250
-49421
-89857
19297
49635
53595
17534
-3552
-93396
17204
-16759
-34013
-85795
-8098
-58267
-57518
48179
96124
-74508
90609
-62541
-61899
19494
64130
-90765
39419
57228
-33928
92366
-97792
24012
-21007
-69906
11111
51454
-72595
26899
-69056
30587
-76691
-50955
39729
-11184
40279
64751
-61717
40078
-74277
-72726
27520
57251
6632
74677
-76976
-27430
-97011
-65035
-49727
-61016
3909
49342
83923
40253
-85102
48729
-82715
-93290
-22205
-39782
72720
47084
-83399
-78325
81753
-58155
-95713
-76134
3754
57772
-40722
-34751
-84050
73985
89952
54023
-70562
22037
33088
68315
30131
-12726
-52804
91959
-1103
68369
-87016
13254
41308
46770
68569
86100
-19862
37914
-31034
71157
-90073
-61299
55532
29583
-4457
64584
-7803
69285
-74120
-85151
-9758
-43132
47251
77186
61915
20596
-28292
-65627
-6643
53129
-75691
39722
77583
77652
90060
25816
-6956
91640
-70953
-97636
67476
-47883
-58744
-71081
92137
-84294
-97512
-75503
-99570
-30554
-21607
-7388
40053
-73164
38359
80433
-26925
96239
17273
22675
-10117
93805
61699
-73911
-97492
-96126
44377
-95058
82133
88453
-31366
19035
89493
96962
95799
75727
53358
-85090
76272
18866
-33382
56600
-40229
84948
-65470
-83172
-90970
74296
-55116
80213
36364
24488
-5580
-6334
-30640
63318
66778
22468
14049
23147
-94850
-48650
55812
-85114
-81390
8264
67196
61282
-15477
10408
-89975
16063
93220
-38964
17319
75260
-72555
-95634
-90573
-91374
-37614
81263
32687
19769
-39751
52940
67819
12166
-23027
72873
-4544
15296
-80217
-15776
16903
-25663
95489
48908
-88207
57667
-5670
61371
-70747
88968
25745
-29583
72161
13381
-71455
-10996
-63340
17330
61024
41070
-98446
69717
-33881
43535
-6038
-1202
2753
22828
-66737
-98569
45637
-52972
-94291
-90896
-81191
98345
-63096
22259
45005
69306
57413
95294
94970
11052
-71726
-50674
20515
-71267
82003
18444
-71987
-86066
37209
-32629
-98700
-75830
-79075
7611
73659
84792
-92121
70978
24387
97324
56342
55898
-6239
-14065
2516
-2619
96192
49908
85625
38826
71964
-74394
73081
93741
-62329
-13897
82490
-39753
-77559
3861
59763
73563
3272
-7613
2085
-54525
-10323
-23319
-63378
-88395
71565
23198
-40512
65750
14773
-16805
34225
74856
8919
88287
-81399
76979
-47662
57315
43719
68803
-56450
-1968
-21663
55825
-44915
-91930
-16794
-68610
86036
96463
-47331
58934
70195
-97718
-49884
-75450
-11949
10606
-44000
83120
19794
2516
-18296
-76457
71116
32867
37279
20250
71387
35032
-32147
95820
-10313
-76426
18322
12179
-95934
-31327
44164
41001
-80118
21553
-36288
-8339
51138
-55502
-36740
29556
28512
-42051
-32784
21170
-12426
-94891
10872
11913
-75163
15886
72209
-31501
25903
89190
-71655
90885
81957
-96122
-91046
17329
59348
84387
-95785
16369
94968
8239
-32266
-99383
-13033
52957
256
-33762
3523
40202
-43191
62019
-19873
-38535
84796
866
-66871
76834
78378
80771
48367
65063
27870
59989
57509
-3374
85016
-11530
88850
8197
21895
83638
-19266
-11173
-70597
65770
93134
68117
-6215
-98889
41552
95807
-47611
-51704
36816
26553
6764
60627
-85864
-53051
-49458
91780
42418
-36421
-51568
-71555
-12318
10184
-17262
51802
85910
39686
96434
27981
-72733
-9102
64812
37238
-99771
99085
68933
-69649
22799
28011
58087
-92270
4518
96648
16415
32242
57586
71983
-41058
-24449
41589
-80228
-12426
-84923
-33142
14474
93840
-60848
18013
90752
-95514
2555
52600
-54034
-74151
75789
2393
-61593
-12634
57229
-41202
1358
87835
81270
-95154
29815
3192
83704
5279
84355
78731
41180
-40548
-79482
88186
-56057
30929
-73833
-60714
82928
-33275
74034
-17618
61468
62637
49423
17525
58241
-32616
-67501
-34113
-48091
-61742
-13893
28544
-67417
-29039
78887
64960
-62049
3117
63527
-82110
97003
14236
50660
-84908
-18956
56945
-58324
-83436
-84413
-18254
85320
15679
61479
-82432
44390
-37907
7869
37077
68668
29383
-87317
-62292
48476
-58736
-59756
-57831
38630
28852
42246
68668
-80446
55303
84061
-22735
-61599
-35732
-35227
-90856
43057
29599
27474
71670
-61050
-56829
9410
-13538
80162
26370
40341
56980
56540
22612
35729
-36987
-47269
48173
-50788
41392
-20454
90166
52473
5387
-56976
79635
-10691
47417
-78652
33488
14717
75267
-72386
-61524
1145
-49512
19211
5949
12626
17833
11838
-2723
-45164
21449
80894
-44003
-86246
11079
38943
42006
-50016
72005
99780
84833
81298
74747
-33280
-65089
-11066
2571
70935
-9826
-87945
87151
-29762
59468
77051
-66145
99028
39794
-56683
-1220
-49553
3472
58129
46222
-73265
-8428
42044
-828
-1323
71293
-31619
15184
47117
-3153
21651
-30322
89937
-87379
-59132
20532
41126
-39019
47430
-77330
-15413
-14342
-36410
-55418
-98808
-28020
35964
-22348
93331
-21357
25239
-40079
79531
-3037
-72279
-98217
-7960
64122
-57338
16625
-79920
7070
-26106
43765
-88822
90226
-53564
68381
40625
89157
96654
68813
-28967
-46601
27464
-13752
-18824
-21756
-2033
75844
-30361
39137
27114
-74734
15962
28457
-59383
38025
88828
53284
-38327
28868
3674
-89487
-32139
-40327
-56461
63983
-23414
36912
16631
-58890
57593
21506
-37831
45425
-88059
30817
-67555
-97111
-51013
74527
-56390
97194
33560
-27480
-27611
32584
94516
68420
93640
-87054
61541
68477
92368
-37346
59715
-90096
-45341
98359
2012
57618
20350
95505
73511
-10049
-95555
70440
99465
-3065
50928
8502
72313
-54613
-439
32698
70951
55725
-58911
70797
-72049
-46599
16532
33105
-39255
-75049
68592
-69284
-88860
76435
-45292
-23863
89618
-24002
-45497
62404
-82793
41400
87227
21892
-3135
51064
76621
-63548
45570
-69643
49323
-32801
12484
34404
26692
-75387
79897
45894
86279
-12323
-48322
28013
-38841
20193
17599
-12917
89708
-65710
23689
23680
70261
51582
12255
-53974
72447
75389
26730
14548
-66794
-45866
-55418
-73202
21403
94503
45975
98956
-65228
92740
-99781
24997
-63671
33665
-84193
-78321
62088
92965
44202
93129
-5206
-35204
16931
-61916
18260
-24842
-20568
71818
51159
-17352
-87853
-19842
-60007
5053
65005
92138
-50579
-95922
-99474
12300
70579
57210
36308
39941
11861
-23000
27437
57507
7191
-31271
38204
56991
-24297
-52294
37858
54444
30076
-71708
-27244
71350
40656
-31162
-76525
-37383
69060
-70321
5243
-38665
89464
-44112
-32168
83421
19781
29022
-4436
14652
53751
-68832
4521
32447
-95770
90539
11439
17327
-27541
11921
39697
-80993
51854
-7489
-84790
-42453
16428
76491
-89931
-31160
-56175
-32951
-89720
-66762
-56195
53585
67166
-41258
3817
74112
43386
-51691
-22037
28192
73892
48028
28301
63726
68546
-10640
88667
35109
-38743
52929
45473
-4480
-63614
-24787
-12533
-86887
20442
-13118
79305
15827
82146
-22364
27757
66935
97122
28923
-58078
76076
36816
-70509
-65604
-13084
55503
-15046
148
-15948
76023
4664
7119
91226
-26274
-32985
14249
-25234
-87515
-9266
30786
66394
31630
-9196
-53544
-59153
2206
313
-26601
-88617
51416
-31460
-3611
55738
-54898
32049
12763
-28433
44367
-85402
5592
69998
-48860
-11893
21066
-59394
42862
-99773
25443
-99909
57621
65215
-39716
96788
25282
-88741
-28114
-60558
40811
72642
42055
42968
33027
-76437
39019
-88543
-72829
92992
66956
65129
-22707
11876
46851
-56185
-42492
6888
87782
71849
-5008
-14187
-26707
4113
-7870
-19804
8054
59074
-56940
76447
42427
58300
19721
10129
-79647
-39104
-4507
39395
42541
83995
-60027
-5002
93662
-87381
-89745
-38455
4455
-93892
77096
32103
9168
-68517
48669
82287
31889
4192
24201
3953
18352
-8381
-58853
3525
80666
67941
-80554
46166
17388
-86426
44121
-41392
-92253
-90786
-21332
77611
-62405
96512
61186
-29371
93800
26064
-40644
18699
60414
-3223
2772
-71179
-94813
78467
-73268
-93091
-31120
-19117
-61224
24463
-59812
71756
-77076
-67985
27584
-38962
-38791
12100
-54815
-19719
52744
80857
-56875
-48337
-11272
-48077
-14674
67777
-77587
-53536
49788
54080
69221
-47116
-80998
-88631
-8834
-14813
23464
-48217
99091
81601
-83090
56204
81494
59979
-6225
70461
-59053
-60703
-84942
-17553
-89252
-57618
31533
-26467
10994
-26360
-70020
76520
-31958
-15268
-39446
47475
4858
23244
-12374
13089
-70392
67893
74853
21860
98743
-89521
45569
-5727
31735
33839
81820
-88726
-69516
-78187
-71225
85136
22848
-16724
-69163
62125
99802
-23291
16582
-42483
29666
95486
-91521
14323
70913
1584
53342
-76417
-71390
41555
-59679
15288
52163
71162
5477
-82730
-92420
51847
-10087
-47058
48965
51002
56103
-67148
68245
-69492
48729
20441
69271
-85648
-42177
-2145
-42869
-59611
-51920
-3432
-8171
76574
-13625
-99099
-47978
-33378
-23478
42195
36251
85218
-14183
65498
-25413
-88819
34194
37161
59808
-76237
-1714
81421
98021
-4170
28672
27520
-41439
-1775
-65424
-23352
18210
27598
71456
90049
95069
-66879
-91561
-8552
-8946
-15997
-82600
-62025
22197
80722
-52624
-28913
70970
-45208
30050
-40041
-91721
-25845
33955
-92462
42496
-3674
-34229
34495
-96178
76771
-80355
-74992
30916
-83366
-97681
26675
-41510
78981
-87724
-96422
-67302
73207
99167
-59688
-66590
40459
-5986
-4819
24448
-34923
94972
45404
-63674
97151
-57975
-95282
-41654
94355
-41394
49757
-64723
-14366
-27584
-54879
-98202
-69131
545
9715
-5624
-74852
-47702
13536
7671
40445
99482
-62484
97190
42892
18758
-2524
52924
71080
-25183
-51405
19959
-52782
97548
-11322
7807
-2972
-33835
2857
49520
-93734
76436
74199
-37680
2962
-31284
11186
-38955
-91009
79222
98755
97531
61494
39908
-88824
-38424
-90053
-924
-8271
9031
59297
75838
-49232
48880
15323
-76529
87824
39378
43790
-91721
98669
-49429
-8611
-4993
1568
64601
-87976
55031
3847
99329
82982
54559
-53208
-16657
59765
-35994
510
-42540
-97906
-6683
-7479
6249
-97370
84038
63590
15077
30923
-83221
-64829
20498
68252
-26405
59626
-36168
-45557
27195
-52564
-47443
-57612
77362
8076
-33766
33551
-82926
33490
70885
-93552
20691
94694
34397
78659
-89432
94398
86497
68554
9609
-67087
-10275
1173
-94814
-52909
90142
62553
-59080
-70237
61476
79377
87275
-87099
74382
66426
-73350
-2196
-33998
-67358
-99837
89477
-31184
38224
-31104
79355
-77676
79288
-43887
-95553
62154
4179
56743
81400
88032
-64352
-12744
31802
10479
-31300
-35987
83687
-58610
4230
-26237
-93440
85823
38940
-59328
-61538
27034
14585
-85300
-56011
-40717
-86270
35706
-70479
-45327
-85473
-52894
-98046
61531
78339
99420
80640
10184
-63087
-38645
-37469
-65218
63186
17741
20210
-64674
53107
-27114
98944
2288
96515
74403
-81287
-27726
68400
-68998
69921
-25116
-88793
11710
-88507
-27340
-68673
-64292
-57855
-92670
38334
98382
-51454
73652
-2153
55702
-40885
-84817
12773
55224
88792
80632
-55985
-87964
22061
16055
-58867
-76390
-23572
-91368
2898
-40199
13896
99659
32769
14954
-97344
97498
-35633
60820
92921
7376
-53260
-12388
-88714
-7999
76052
83364
-86960
-69605
-34170
-10475
99688
-88755
-86797
82088
36767
-7346
-68419
-37215
-74076
51034
-26037
-98220
-74476
-85296
12988
37589
58800
-98832
-95017
-86587
-16741
34334
98602
46556
48889
21382
-93837
97735
87267
-27193
-85134
61696
-71043
44508
-7465
-85004
-66344
-94770
96980
52311
90221
4303
-75847
-27759
87694
95225
75802
18751
90164
-91657
39453
4236
28293
43344
32191
272
72214
-14512
38573
11737
65799
31957
-61404
-48230
9997
-34342
2548
33499
53169
-98958
199
-19800
-14036
21758
94322
-87380
-77345
-82574
-70434
-85628
-40364
63392
-23597
-37050
-8614
-5250
93051
33472
9794
-78500
75134
85523
50777
-85308
-64919
84544
-75468
-59930
99811
22455
72512
-60952
-13419
-54813
49837
19828
-12060
67943
9246
-15131
-70970
-57737
-40301
-4673
-11828
99602
-37841
59768
-97076
-84165
11534
67710
29658
-29924
47659
50964
52822
-24529
-27047
77394
89645
50533
50828
91784
46495
-35148
-6639
87630
-20787
-96796
-58000
-78978
-2769
-72931
20026
-21695
-66730
24855
75551
33980
94004
24246
-44981
67417
13572
86373
31166
-82036
-69485
53069
-82245
-10639
-97138
-47344
-33267
-40
-37094
-39902
39244
63305
37268
-21973
43967
44444
-95113
36947
-97290
-27155
46
61887
-7581
-96423
26723
-17057
-91141
-18466
-26354
-17836
59206
-5882
2320
87765
80822
91378
40202
-26762
-40281
-76734
-24741
85707
-1306
-89013
-50108
93614
23533
40010
-90578
38765
39900
15719
-34645
-97136
77158
-77833
9827
-45590
74657
20480
-71664
-32131
70039
-96588
9183
-23994
3216
59849
38231
5155
-19089
82744
4560
70567
19571
77651
14213
-60262
-13265
69448
38351
-64096
-83411
93309
81667
82398
65058
54914
-44519
-24162
20282
79395
-62754
-70934
53845
-46907
34924
-16573
24831
64373
-47342
-19920
45248
-54771
-97231
-14785
-95889
-27127
65837
-44228
71112
3502
18957
-21201
63253
55413
-58956
17606
73973
66930
64255
-58822
40853
-21611
2157
-47130
-24442
59274
28990
-12545
-17821
-41252
19335
-86578
13650
-52585
30956
-87621
-83255
9555
-1242
27684
83707
-50275
-35075
50312
90078
-20341
87823
67659
26579
91524
21817
-39254
89950
81068
24050
60592
41892
-88683
15989
27828
26708
-69150
-93843
23122
71876
29607
-90381
-89430
94504
-38980
21737
-14837
68286
99184
-95227
-9711
86222
-14762
91203
95815
-36770
-47315
-33262
46891
83903
50061
62731
-74402
-40536
3837
-56630
72727
40830
31346
-73854
14288
91962
-94623
-96
85379
37841
29197
17229
-80062
-29131
62003
-30241
78593
-90424
-99963
36112
-82105
6265
-40781
-78640
68463
-54807
18278
21772
33772
60936
83122
-60139
49475
4297
74162
69583
-53211
-90096
-59938
30952
85353
-74420
55229
-349
-41007
79477
84028
-63112
-36629
-15133
62522
-98312
64709
-93381
91536
20495
2604
-83422
63522
-66330
-33289
1691
96958
52494
57239
-19733
-24445
80337
66340
29746
34242
-89109
-35461
11017
-79355
-56497
37699
-94144
-28909
-3205
52866
22924
96781
-48949
81271
-17811
-12418
52108
52952
54919
29817
-4588
-53284
-62996
-71495
66085
-86778
-57131
28370
-75789
-23011
41932
-67053
51462
-6904
-67562
-44860
-67317
40822
74718
-2603
-63399
39948
-51088
56407
-62945
99361
-66211
-51895
-88179
-20430
30594
-72226
-53700
44261
-83774
-36193
20739
53456
-13704
94227
-46902
8082
-9164
-70345
34642
-69339
-15872
-87939
-88247
21166
35949
-8951
86341
-11209
12504
-20053
10883
-73497
-84995
61902
55111
-32494
82458
86666
64888
-71949
41313
-34130
37418
13872
-35496
-97357
93370
-98071
31529
23595
-35552
83793
85165
41409
-45223
-56634
-77673
-55140
9869
-36886
-47756
-87828
-72545
90121
82328
77591
-64207
25779
-24025
-3738
40647
74324
82279
33057
-54753
-89628
39841
-85139
63490
-61687
73991
4999
-35241
5410
-1723
-13275
11736
17466
-1672
10017
35190
-59035
-99023
59142
33986
-24615
26364
6815
28346
-68129
-83748
70903
37317
-34429
-93923
-94018
56726
13454
-16181
-83292
-29685
-17799
40514
85059
-90057
-32693
-58727
-77906
-64437
13908
79122
35767
-14352
62470
75560
68713
29694
-83974
-16754
26194
-84781
97547
-40419
-11878
72448
59567
-95501
72064
-16872
4782
-4577
98719
-58336
15845
34750
-72893
-46674
-24350
-85752
35541
-29592
-78784
68539
-65225
-25849
-8190
62247
11495
53703
45170
-74803
-57996
-21109
79009
-5533
-3194
69343
-17623
-40905
3773
10635
61314
69612
-22209
7841
65953
-22582
86750
-55222
50848
-8050
-64978
-95592
88476
89227
95969
-49761
-15601
8077
-43956
-52968
-49660
-12838
40031
-29707
-96300
-8849
-49356
-35802
89508
-3715
-10035
-31359
28729
69629
-25821
-24446
-7325
69069
-12840
96059
14737
42431
-82734
-48093
-43278
84727
-17025
-70643
14249
-7632
-73075
-93848
3107
-48205
34438
-79506
34190
-42512
-79786
-17688
-64013
99363
-74319
-34945
-83516
46164
-25108
-15127
58336
-63331
-80015
69871
34592
4616
54266
-38368
-1342
-97621
78118
17724
-84064
41567
-99905
-82909
-74299
-81315
20265
74408
30511
7819
-25188
2989
-38497
15605
-18197
-89828
36838
-29050
-48785
-84529
84272
-14156
-14013
-99017
66633
-30239
-24672
1292
-5975
77171
23389
-40292
229
36884
44650
-1565
-93239
-58287
-77015
81636
-92471
20498
-34948
-67120
-42923
-84370
-77554
-29752
-18045
-30248
41871
-60831
37253
-5309
90345
72985
-31352
22624
56348
14646
-17129
27682
50762
-68880
65780
77449
-48101
-29591
97379
95970
-51938
-69908
37975
23736
39993
50962
3841
-7428
81860
-59077
7522
19393
-40600
55561
54570
-11309
49216
77990
-86953
30379
-36689
90706
-69379
9372
-29808
-19100
-89241
-56833
95710
18419
-92607
-18565
-63560
54696
-3265
-39451
52543
-9848
-15486
47060
-48870
70863
43906
-26080
47823
37741
28142
46828
40148
13704
-99073
-33855
-36372
8187
54108
-29990
-46746
-73457
-31343
-15286
-96713
-71771
54660
91069
58216
40845
19194
-65515
-60370
4510
-99618
48970
-72153
-29481
-39859
44219
17576
-9384
38230
22269
34904
-24575
7060
80351
-65259
-64744
28023
88944
-93444
-25373
15338
-94784
-5514
-46883
-38231
-9171
92762
-68418
1432
64811
-37994
-92285
31967
-8354
80959
15653
41403
-93623
42145
66059
-11896
78213
-2231
-59970
82241
-20421
-22834
88144
7226
-54566
43042
-89895
37467
-23671
-82449
50290
-71178
46862
82162
64473
5779
-876
2734
34321
-73107
-58733
-36221
40388
5037
93568
710
-21434
91205
-74983
-59954
9515
72036
-70539
92016
-7836
-57807
-40394
33451
-83222
-85904
-13957
-7257
-76852
97850
43440
25730
44104
61628
-84942
-87883
65848
-52910
29751
-15497
-41488
72845
-14914
-12068
30947
68651
-36178
35242
-49340
51887
-42213
-22281
-1950
33854
56576
90107
93719
-86353
-12949
45609
-10024
77526
90384
-37527
-7047
56326
-14922
60403
-71934
88867
33923
-30688
-59535
61584
53182
-99244
38097
74992
-331
-1268
7963
47082
-87519
-68704
43738
40549
-3575
50093
-33341
-96125
87486
62727
-32569
-48799
-41641
95168
72595
70831
84980
1559
-20065
3501
-82583
25176
44588
-32386
-93672
88394
28291
-68409
3655
-65326
69382
-89249
-87516
-13475
-37930
-35296
-1848
1826
61269
-51999
49606
59996
94198
-32699
70946
73980
63227
-45488
-42582
62077
-2043
-44468
-71407
-41707
-41752
70219
86565
29594
-54747
68291
25429
-2070
26755
83713
-54179
9128
41673
-75770
-13762
6156
94539
-96370
58541
34838
-14903
11812
97166
-25901
56473
-37478
79087
77305
28127
25831
-33992
72022
15235
-66368
-20634
-58065
-52202
-94800
-12701
-96284
14213
-17437
-4864
-12992
65088
-87008
-99253
53114
-15570
-7524
14538
45730
54603
-59143
43337
66803
-11574
-84694
94677
-96630
50555
86123
37595
-89133
38373
-62396
49564
90215
-91083
71184
-60623
-65124
-17567
35043
-92294
-70611
40845
74829
26930
-60299
-7674
-34905
59409
61091
-43395
82488
98144
-59049
74263
-57264
-12549
-90165
99851
98968
86173
13761
-67400
26198
10798
7556
-16535
-99318
89507
-62926
-61508
22380
41990
-81350
69180
-77391
-36245
92857
83141
-79783
-50309
-32418
-61430
86305
-94461
-2563
49709
-83937
-71081
-41976
84316
12619
-93842
93609
-18765
-16407
-95750
72937
-52502
-35001
-13911
698
77654
58503
-72674
-84815
4180
-91182
18230
-92915
-92532
57372
33082
92989
56965
72185
-28354
-7552
86768
17709
-97871
88318
59824
20201
73652
2740
-7325
-22391
44117
51509
79508
83878
-72905
-42495
86107
-6745
-55953
-33728
-82753
-17073
-16288
9383
30338
-99141
39488
72101
3358
34126
40722
29815
-90731
16315
-35137
89389
-63312
94022
82733
-95101
46479
-2068
-91359
-41467
85764
68980
-64416
96745
59667
-87344
-74003
39110
-98532
-99414
-50963
27779
82051
71750
46534
-98910
52816
94381
77502
-73515
-44516
-27999
-98886
-87881
-92555
-24582
9164
-90809
-65592
81370
-76690
43712
-17725
229
-92968
-31812
95928
-85167
89966
83123
-22396
86759
74892
1583
-16781
-96433
56951
27384
-94025
22068
75160
-42232
95595
-55861
69879
71055
-51142
30285
-23438
68811
31497
11206
-92099
77720
6315
7108
78197
-66776
-50670
61482
35032
57412
11128
-67933
-52187
20993
57232
3499
18139
-23692
91937
-74529
-57935
-85202
23361
65205
-54878
-72696
-89414
-86478
89613
47553
-7883
-30711
10245
23241
20835
31640
-96933
-14727
63568
-2604
13005
-69964
89245
83190
-53701
59055
-5950
-47897
-23491
-64693
-6541
52024
-20060
-93139
41004
76011
59257
73077
-20935
33088
-23055
-80618
-35586
-9484
-23078
-69509
24564
47409
18141
98503
-37999
-74166
-67769
-63568
-13391
14231
6974
39957
-34002
32921
31179
-95971
50852
-25633
-38691
-18317
70014
-38958
72415
38200
15953
25436
-44481
58942
-96975
-18306
78841
81371
7869
93783
-93534
-27401
-39625
77897
87959
-97902
57766
-14864
67646
-84178
-63383
862
89352
-3144
-13718
-64702
54054
3732
73210
6476
-34066
91100
-9522
-82761
72602
11276
-62534
50899
-22168
-56949
56383
-92583
75700
-58276
-37897
-5061
-91013
48103
-54842
-48062
87292
8647
30787
-51812
-97429
13859
60895
-47165
94525
-43911
-52319
-7531
-93806
81108
87652
54683
-92637
62653
-62352
26027
55463
71735
-14086
78190
-27688
-2288
-75634
-8632
75504
80057
-71917
72752
-89525
57824
-32008
-39855
16286
4392
47158
38591
-33386
67175
-12620
-32792
-17903
12166
-76623
-79556
-49698
-45924
-86383
-68867
68583
32377
19814
-15346
-10005
74683
-22534
-70520
95397
-29937
-71453
67943
56388
-61275
21139
-98298
44322
60039
-78123
-72670
11759
-72439
23512
-70346
-24936
72114
-60992
79644
-97532
44219
35677
-43072
493
-98669
56304
15240
68845
-90136
26129
-63480
74482
85923
-2361
-45231
15312
15536
49669
41991
-86976
-94166
-78856
-14814
52719
57611
54000
-65076
-95056
8370
69602
-88849
-47333
56574
-5715
67966
48943
-1263
-6290
-77748
82826
-70522
-71785
-11545
53469
89365
90858
1354
71501
35182
-46687
-24952
57161
85513
21117
88917
51579
81791
-81319
60205
-12536
-20269
-94745
8408
-62552
-60514
-29860
46910
59050
-8997
61644
97295
-22925
-20385
-78561
-36385
33675
47667
-99381
95104
94964
-8721
48985
18237
57059
-37889
86321
-40832
84681
16639
44651
-88835
49474
16124
79988
63320
68209
-6906
-93399
58257
-68021
-38432
23889
-90805
16426
65640
26632
-35892
45486
41298
95362
-9539
16758
-12763
64190
66588
-15284
-70900
75807
91722
-21184
-68529
-22054
-4840
-98027
99151
40942
-36437
69721
-85005
79209
44637
-42719
2196
-53775
-15140
16721
-29584
-80479
-98585
-98311
74648
-1874
-88637
-46243
48479
-95723
58099
-1909
30675
-97459
-15876
-97124
16347
-73858
-55048
-89758
-97121
-64552
-79849
-15206
54877
-82654
-8925
74738
26456
-80371
43040
7591
78914
-39575
4427
-18037
24212
-31136
11814
24547
-59060
-79300
-63854
-94178
-73793
-73957
23165
62285
5835
-98603
-79158
-6469
-53521
99157
-41344
388
31234
64289
-96444
-75740
29601
39588
9036
-7754
82016
-14662
65224
7515
-67353
-65420
-9404
86336
-88825
84618
87813
-32815
205
57402
851
-21505
-36197
-38499
6305
34786
-31540
73601
-84256
38110
-90300
-17544
-54262
39665
-54481
90667
-79114
68025
-87091
-4200
43886
34747
98384
-97871
66774
62744
-80943
42041
-15278
-30615
59238
86504
-62642
-62055
21136
-89515
90107
21224
-23508
-44266
19872
7043
60882
-77191
-43195
56577
-8528
-38375
19731
-49034
-97100
27918
57126
-91996
16149
7349
-15499
-27952
85026
-62193
18885
87508
-39954
-50625
28042
89101
-44494
-42141
29986
3538
-11098
-1763
66280
95525
-7024
15987
-94305
-54346
-9192
17030
-83801
-63097
-18595
-8587
-70084
-85075
-31529
-46572
-62941
-76507
-26976
-98035
43374
84729
-73922
653
-7331
73058
7825
38623
45920
-81031
62914
49644
-32698
-60671
-17549
11416
-39088
45891
-41397
-46566
14991
64425
52090
-9919
77802
-72463
-1085
86749
-8447
-97877
-54741
60886
95813
58183
-9362
-39079
84984
-49975
-66514
40360
-44334
-93721
-18368
16324
-59195
1802
-46576
85333
69069
-30079
99705
72797
-838
-85174
-23626
29562
-77652
-3161
-74433
-99441
-80110
54086
-44785
94147
-19278
84086
33804
46079
49822
54482
61000
-76552
72388
50982
26460
38089
27308
98712
74810
16822
75861
7537
85031
1900
-79000
-79667
93788
-96579
62278
-91079
-92689
-44993
8180
-89117
-21171
72857
-92899
8857
79967
-68285
65890
98382
-43380
-46800
14146
-93797
-88061
34066
51151
-8040
57232
-56618
-66781
-82225
-83582
-31875
-99052
67521
-33799
-62424
-23524
-74073
-55396
76852
60902
-76315
-85331
-75059
20467
69067
93547
-6232
83020
91484
-84753
-71406
-53222
-36187
-89350
-68561
-97006
-46967
-13942
-96121
22942
-65956
48431
-74278
67625
-24725
-33867
20722
-32460
-65347
-66106
70930
5309
-18526
-70688
-54790
64702
-98754
9545
-15295
32013
-37030
-58115
-63162
8688
-39283
-36773
-89471
39647
-88929
94855
3983
-81223
-90040
52955
16271
85196
-39952
-1875
-90588
58936
22853
1091
-35618
-85676
-52610
-61118
34082
-63062
-41832
8996
-39263
-24009
33927
58704
88327
-53221
-15963
-25667
12833
-41106
41338
19705
42839
-66823
20550
37864
-83064
34251
-60491
-81864
-60663
-10687
42374
98499
2854
94745
-82369
-43554
52306
-69200
88158
89085
-90028
93781
-66215
-82399
94967
93297
-88674
51927
-23747
-12327
21580
28896
5196
24779
-71695
-95089
-22861
63181
-42447
25933
-93978
51504
48596
96156
-16382
-21441
-1621
81301
41383
21258
28471
-79272
20392
-88659
21642
66942
18436
-72821
71713
91888
-33760
45405
-64686
33038
17960
-34069
71362
44025
59776
-43631
8099
43817
-40525
-6373
39592
32652
-21841
20160
57953
-8279
7083
10827
51909
-63187
81288
-48141
7783
-49610
-74678
90802
42743
18771
-12776
-43936
-37050
-8109
-90285
28102
-88759
-22347
-4771
-61246
99956
-63235
89985
56372
18994
42652
-47379
-48501
40908
-68729
-96906
-21140
-29324
-67305
48646
-86474
80185
-33090
67147
-4037
-14670
-35403
88064
-7474
-20575
46969
56096
-74870
-20220
30209
-50807
-42949
79328
-67415
-62638
-60595
-93995
97890
-35870
-11897
-81791
91305
89031
-73143
85399
-18714
57214
-22305
47698
19810
-15547
-98852
-94309
-19356
-33611
-43922
-93048
97674
51696
10230
95920
-19732
-88581
72103
-49180
-82499
-77259
-80165
-29019
97370
-7746
-38118
-4256
72451
62575
74299
43059
-54916
59984
79157
91471
16912
-87230
-10971
-8036
58199
-69739
-90547
15881
-79139
-54774
13953
39034
45284
95785
95863
22407
63616
72720
-59262
4887
-49134
21147
70463
81820
-51690
17367
31808
-5080
-67386
90784
-69009
87068
44716
-90428
7371
69418
-47590
-17969
7901
87096
16759
-35819
-78897
-62730
34533
-72769
47550
61641
-88077
5049
68289
52879
-43280
46143
-33323
49923
-56874
80827
-96244
-82753
-40178
-57094
54987
-28605
-19841
-88021
83027
65390
20805
88819
88414
-91245
-14664
-83103
-7059
-20288
31598
-97458
97718
17421
-95990
-16845
-72210
-79315
58379
77809
30645
52486
50586
22230
78119
32336
-46738
-97256
-6689
-46415
27221
88951
-35211
-83849
-38380
-57921
34275
41457
-9771
-93499
-87226
-26978
-5026
-68889
6711
83036
53888
35665
-64710
-11795
-89788
-43439
24328
49694
41917
25423
-31938
93409
-55222
39378
-37546
27494
-37127
-62356
1257
39668
-38789
79485
83880
47474
-36264
-67724
-57979
-80418
95011
-61555
85924
60538
-2619
61974
92337
82930
-11677
-97764
-9348
8662
23533
93787
-53041
60022
-10640
681
17303
26906
-75972
-92010
-99842
90681
35609
-32750
-65438
31993
3942
-66300
33996
-70288
-74183
29503
-11060
30420
18713
-37953
4885
43551
-45298
-50001
33069
85511
-16768
55319
-84879
61494
86332
85383
120
34921
46837
22219
82464
19209
2870
61898
-29185
51081
49161
99198
-75140
23900
19201
-63614
46847
-10328
-97965
-17796
41310
-29518
909
46961
3237
93510
58832
3084
-22899
50315
-81194
-16789
15269
-34849
63251
56090
1987
-77801
19258
40242
-68366
98343
-55707
22968
63621
31349
-9545
38491
-43326
-94171
-90482
42647
-40421
43289
-33445
-50726
-69867
16188
-56465
18975
84986
11392
-82543
-20915
72616
31022
77118
-4429
-17847
-58183
-99845
83220
18680
48034
-68230
-39317
-50944
44527
63230
54606
-113
-24342
-61924
-63876
46363
-29062
24512
-75607
-60145
-46843
23569
-19801
-97198
91925
-75759
77011
-33566
93635
59556
-3682
35790
55705
-41953
28502
-62591
29799
67330
31927
-81100
-59810
46632
-87223
50700
-88111
-64154
-21261
-81824
67302
-80429
31735
40877
-32134
-88813
81854
-23776
-42716
-8471
98309
20254
-41077
45250
-57923
-15750
27478
35270
50495
15042
23079
-30678
-17669
-89263
-46471
-91435
-43861
60431
40758
91981
-59508
-34880
-4006
89606
-74114
-13591
-83501
50273
11443
28029
-63600
58645
53907
42468
-67381
56238
67478
79253
18576
26109
86883
21423
28489
91090
54382
67006
-68154
-93658
-54671
60823
-47542
-45977
-32523
57960
11268
62692
-58335
11282
-19325
-22574
51945
-45076
-93124
-47404
92495
50892
-39551
68904
7167
-18058
-12175
83035
1298
54814
28728
-27901
-22592
25370
92001
-74935
-63278
24760
-26304
-57191
-10135
-10665
26894
-57196
94189
32088
93143
61454
-49341
-43664
77765
6105
28208
-82434
-42484
-95942
-33845
-87560
46838
41970
41503
97567
14054
77133
83884
-53003
83571
-67220
-38858
20489
-94377
94110
61046
72822
95948
-98482
-78144
-1542
77069
50964
66231
83583
4729
-90851
-22765
72015
11310
-76003
-69915
-10668
-81809
-58009
51273
12769
-77234
11097
-51239
-72860
-54470
32154
-9656
13570
90024
-4792
-24903
-27055
-23679
39490
96307
-23523
75390
-58717
95817
59011
-56864
-67429
60793
9924
80184
3079
72279
-8706
47861
-59766
-98808
54882
61527
-20432
83806
64849
95715
-25768
-24494
-27788
75253
-17575
90833
-28029
17890
-34645
-90454
62046
70125
-90131
-85583
12163
58825
26680
-36833
-27922
58664
73154
-78640
-29653
95546
-46430
82431
22012
-24556
-17243
-60604
42693
-66968
49130
61101
-58498
66113
96636
64340
45858
6222
6100
97948
-31297
42459
-49882
38530
76945
-86783
4015
58619
-82011
75905
-90332
39225
-12619
-66922
33528
-92208
17907
-42789
48788
-13209
49775
44170
-91616
-83233
-62377
88712
-57180
-50437
-76310
2938
-35843
68403
5249
57879
61531
24316
3228
32402
96735
-45098
-85482
-38826
-26266
37157
-75503
-61921
-92425
95101
34235
91087
-22153
4117
78528
29404
-87202
-51872
-80920
-36890
81372
-64964
55740
14207
29646
-80110
-86970
-2069
17330
-7705
-79005
-97539
-7125
59637
9850
38831
28857
82445
-50951
-55642
36709
-32866
-6344
-92963
64110
43765
31952
73133
-84377
54970
-12673
35962
-2600
-29991
52093
63906
15994
-46980
53606
-69404
-50213
-52149
32406
-1591
-98102
60065
-44989
-59087
70698
-23408
-3115
-79182
34166
5955
-99090
18460
77380
65750
-98331
-25245
3350
76341
-89773
64274
93442
23589
-98611
-80261
17541
54758
-46136
-35127
-46062
33537
97159
96146
6603
27544
-8460
26855
37130
70756
71611
72021
-43151
6503
55459
59571
-95081
-89685
-67420
53201
-48896
-31017
-78802
30193
58677
90229
-72026
99947
-3179
55939
99039
57045
82222
-20327
-25221
-13092
-59895
-44381
57528
-77060
-45332
87272
22810
48459
-34044
23737
83778
52718
-8834
-82177
99118
-2201
-3248
-66162
-95734
42827
19495
24090
-59020
-52792
-72066
-52204
-29262
-13768
58417
24457
43763
-59331
38802
-24178
33104
2755
47354
45266
1204
-80071
-75875
12741
-33700
20814
77302
14918
-71227
-96119
-5440
58796
99663
-95979
-48553
-28232
28837
82235
3328
24621
69875
-28684
-14803
-61482
-76817
-42418
41013
-41761
71679
77803
46742
-49357
-5581
47220
18855
-30477
-69635
-27439
25905
20262
-8230
66516
-27356
-27501
-4090
-59782
13469
-25962
-32299
-60194
-41147
-1896
18196
22580
40976
-46931
64411
-92654
-77411
-42805
74645
52066
-98053
17907
-90333
-58577
16752
91428
-75827
84551
-15934
65000
-71324
27658
-94369
39037
-46551
-7414
78933
-26613
-71661
-94629
87168
28813
-70436
2822
-6100
86132
73869
-6224
55354
12523
78344
70042
-25094
61641
-20004
46902
-52478
-80322
73372
-87079
-61270
7228
91953
17348
-1080
6123
52420
-7694
-36155
-8355
-42775
-21964
76884
-7741
95409
-29542
22978
-62388
28102
19144
-70471
-9595
61049
-66184
-74574
-85475
99000
-39133
87310
-82367
-4821
-74267
-83542
44704
75542
-79665
18462
-73246
53217
-36034
86396
-25640
88599
-8112
78824
-43673
-80015
34892
-45864
94857
63753
442
24650
-90305
-12295
-20121
40737
-36020
-68348
-93421
60589
90507
53326
12479
-69233
-62368
-31618
1521
-24160
8078
-22689
30047
-14840
1606
-81435
10811
-36719
68195
-71365
-63043
-29794
-12673
-23304
8196
-839
-60432
51833
-70732
-50519
-1178
98912
-82420
86508
12276
-54901
-2629
-86516
92026
58253
-34116
79289
-11028
-8761
-58415
-9684
32574
-48085
-37274
-61486
-27634
11638
71509
33992
-76639
-6867
-15493
-18427
-52785
-52001
-57333
-45989
84252
87622
-5222
-787
20895
-56564
36995
34716
38693
-90615
78085
62959
46529
-46655
-6991
-83012
-54865
-67586
-86008
44317
-98401
-21214
-51202
85407
-15644
42410
24815
-11560
-60433
-3223
16659
36846
-30989
35686
38877
-30530
24465
43286
72054
97788
64703
81834
-4004
11907
18379
46734
11381
81398
94022
-839
-12938
11345
-27378
-98631
84982
-42586
-29153
43854
-71416
-94780
-36008
-27410
72417
3172
79019
86267
-41863
88932
-23561
16058
-11381
97340
-95887
93871
22890
69603
-94955
90568
34914
-79983
-94469
-73438
-49991
-58674
69013
-9443
55195
57986
26667
-64929
64647
55256
-90420
49131
43311
-80648
57531
-42052
38863
73920
83819
-61956
98842
64956
-67871
-36394
17072
-46353
-97901
-89691
58982
-30329
-84795
4367
-1906
-27351
75215
-9605
66145
-81696
97912
65738
-95891
44199
-32984
95424
95435
-65076
96588
-30465
-70390
24741
-44343
-71988
-68143
-73811
-76139
76763
-39401
-15029
-73897
20531
34786
-85365
-83657
21080
38875
93709
-66072
53542
93839
14030
95703
-9123
-44354
3390
-21875
-69371
75997
3297
79140
-35146
-39970
36033
-51404
55122
78171
-57038
-79202
94331
-94831
-39638
-52037
-42602
39285
56998
-16769
8138
-95227
62082
45467
54467
-38532
-53006
95847
-65465
61804
89771
76905
24497
-67492
-985
89330
-87654
-2684
-39384
87373
-52300
78486
34590
-19145
-27657
-68113
-74210
-55937
-95208
-9106
30715
-37165
-4279
-65618
27081
-20367
13858
-44675
-4777
8713
21419
-53925
28632
39018
42782
54176
-21402
-77812
49463
-50523
-19612
-90989
95630
4264
80337
16940
-91148
-98197
10569
-90504
26388
-72130
-85525
93450
-67915
32570
83063
74766
7836
-26767
90350
73347
-14762
-98931
98394
-57961
-52908
19217
48235
61070
65490
-75391
-64028
33221
-62238
-51067
38545
96108
-11271
34825
-25428
-58008
-63086
-32016
-98058
51090
40376
184
-93814
-31504
-91064
24849
-78696
26176
-39087
-37550
-19418
-43637
38880
45783
-3509
-33905
78225
83158
-7592
33947
14049
-97417
44211
66603
19556
-61480
74336
14700
6099
-90007
-1996
-48017
87853
43603
95520
22638
-82237
-12667
-40971
10924
-80442
84812
15051
59712
-80271
-39495
-80449
-7090
78941
-39192
82160
-82710
75472
-59723
-57261
20100
88253
-71702
39449
13680
-52882
-85569
10872
9491
92022
7256
73113
2959
94330
54858
34146
89828
-51245
-28761
-95712
30179
-39180
66418
40861
46686
-83809
90611
-73715
14331
-27666
-80885
41575
-70117
85763
51602
33996
-93567
-66024
-64013
-42344
39364
84702
-6950
36484
-4185
37659
54019
49680
92237
25223
-52626
-41354
-1835
-19896
-87824
29116
48087
61371
-31540
-74003
38767
83103
6534
51480
-65877
24389
45972
36995
39919
75684
9718
88274
96893
68732
-77452
-59363
-56757
40575
-89606
15622
78663
-5434
-11249
26134
17938
-28944
29654
34710
28615
-71525
-67262
66947
59449
-81392
-3359
-43006
-35767
85360
52391
-99169
-54849
17486
18248
61842
21198
43119
-73538
-88132
71936
33522
74853
99276
-69954
-33097
-65692
21538
-16058
-52962
35901
-99306
-4551
-53673
-27214
-22406
-98796
28813
-22798
-97042
10140
-43580
-29317
39274
-63036
-86798
-69943
-18702
-87226
-67412
-78554
76394
-38552
-12296
15333
-46443
-45320
35551
30825
35582
-89358
-45676
74073
-18282
22630
-67061
30838
-6058
58788
77885
-85352
-86431
-64654
83388
-49864
5694
76889
32183
-89259
-76612
50569
-14179
-34041
5854
67661
-93911
-62957
-28180
-95229
63763
-9588
-70718
81835
-17389
67562
-48148
-52154
98837
-75655
-96660
10699
11940
-42060
33436
47925
80819
2397
95828
36414
42951
93759
-40257
-30532
-43817
73554
30562
59032
35466
-60929
68977
60029
29284
55683
-54774
17870
53778
32455
-97448
-44481
16335
95313
-69866
48883
34089
29671
61391
50386
10686
47968
-75950
96797
-46631
4782
71467
38548
72856
18809
-50923
-49269
-83586
-59770
16632
26551
-94186
29152
-65853
10731
86044
51970
37842
23296
35921
-98694
85371
23578
-51449
-36883
2631
4308
-91774
74092
34141
-49977
-93726
86151
-60293
78662
-62300
31273
-27800
-83725
-91729
-78213
85321
51597
-26107
2639
31854
9903
37767
-44149
54688
3031
86192
35633
18649
-81342
-84599
-11544
45338
60725
79468
5014
-23481
31722
69165
-68254
-65676
57412
95555
-69755
-78168
27406
19477
-90164
-24395
-72980
-75478
-42421
1414
-40198
-25494
67822
68224
-88437
-3445
47481
54349
84426
35861
50776
3412
10493
-59625
78937
-16930
-68216
-76143
94087
-73410
83410
-6633
-2670
-20762
-67091
-31564
-30605
-96588
97875
3141
-42441
-57514
-41363
12725
-58793
23147
-65466
-85105
51591
-61790
69438
-71269
26078
-31465
35790
-82489
64550
-54852
-35300
-28993
-18624
-24864
92542
-24684
-36449
-4826
-91625
22940
-19939
-99173
57938
41273
81426
-70595
84590
83966
-21180
11499
87558
-92224
-24226
-19151
-18361
68350
80763
95260
-5050
74058
-14694
21785
-20572
-84883
78425
-88778
-25154
7945
-2655
62654
-73655
77145
45954
82913
-80619
-62090
-50037
12293
5075
-47554
-31725
-96731
-48620
81874
-89436
-1281
38354
-97129
-64582
-9806
-87106
-20312
-85036
29677
81142
18122
31191
13547
-56817
62239
-70027
4913
98844
-68138
92890
74126
60328
-23327
41340
-78970
-8835
44900
98079
73251
-45846
4477
97993
66708
34767
-16860
68956
-38138
-44300
64288
-29209
-68791
8195
-27253
69297
63899
-84030
39499
-83318
-58509
-86849
49988
23895
30300
-78157
-93983
-46302
-99334
27563
-33938
-35529
-26539
87536
-98625
-94430
-2430
88091
79075
72359
47738
-59873
-2528
-15895
29785
-32202
85204
6979
83502
90280
-69688
-13280
89473
-87964
-12029
-99106
43766
44660
-57558
-39147
29908
4908
39347
-98590
94748
-15442
-37278
-15140
84725
1710
85517
-81567
2195
89602
18839
74111
43341
-72818
-93037
49284
-63742
62116
-38529
3282
31910
-72599
88451
-18740
-83159
-17135
25198
58406
89662
-11909
37062
30329
-75173
-9343
4114
-2418
-63510
-1816
-53816
-94082
-98159
-2320
22341
-38777
90760
-97438
-54342
60135
29890
-68047
-72239
-61016
-55344
-38074
-19876
83462
-37140
-74287
21175
20886
-80498
83838
91246
-84773
19377
36669
-54361
70688
-13088
-88174
-936
48444
14402
87557
-11108
-71331
41210
26271
45922
749
66605
-17476
-77931
38370
-30951
-3994
50144
-41322
-49125
59102
-72599
-39519
89471
-79488
-55851
-20991
89619
-7623
-53520
90996
-22154
-60300
-99280
-41382
-72050
16910
-29012
-60927
45831
55302
-79744
22920
-94633
-60643
-11929
31248
-97746
82223
-11961
-39002
93268
61821
-30815
-17359
-42345
83057
-66526
43516
77518
-2644
-57560
40844
67399
44499
20281
66637
-32314
75756
43454
-39377
42133
70481
-11218
-51640
39220
-50347
1275
36078
70660
2927
97938
-15314
-67661
-31374
-23435
63271
69925
-16574
-924
91420
-1743
96002
-34965
-27972
-984
-32635
-76628
-11529
19893
87563
44876
-42212
3370
17168
27863
-88534
-93851
-31199
-78043
-54059
83019
-11466
-55466
-61026
46290
24769
94880
48276
-48808
-88498
-99781
15393
-40241
32569
-18814
-75950
83744
26925
55081
68247
-91635
-76163
66086
-94918
-93883
-535
98729
-54542
-17631
30262
-26028
-41445
-36094
-90821
22381
-56755
-93461
-29036
64045
-40208
-10120
73322
17016
34940
-62040
97933
-36892
-93407
-33159
14117
-87126
-80796
87379
62570
-88280
6151
-6382
56717
-92020
-45396
-20840
-88645
2889
-81771
-58739
92066
97173
-78396
77627
-58798
39269
63538
33695
-46077
90270
94291
44936
23937
-75286
-74093
-1289
-17996
-97109
-30711
-48069
-26737
47044
3034
-31708
16445
12987
-25235
98681
-94503
-58393
67215
-68520
36572
8866
-34582
-1245
93608
50478
74272
-3965
78347
66982
-20407
19276
-94285
37555
-42605
56470
-63766
-75984
-75886
-53265
-59327
793
2596
-65730
-15434
85024
53698
61986
84286
1353
9864
9832
59941
-40019
-28358
-87159
-88760
60885
-56608
3126
30120
87571
-52805
25918
-66232
-65774
-23480
21034
-40542
-20662
80935
17706
-12781
-61039
-2460
-58468
-99964
-24182
83453
94114
-73876
34318
-99729
2015
-66820
-71106
23240
89698
-9877
16841
22786
-69189
24006
-72694
-71402
-77
56104
37949
26560
-54175
89521
-57273
-41529
-57730
64360
41737
-14314
-85094
9346
-8543
-92716
36135
35564
-61438
85139
-79904
-5677
-20963
32328
-26674
28952
57883
-74822
98578
12473
72184
-63317
-80307
22090
52256
11645
-89228
92527
-5466
45583
-40676
68046
82207
-87126
30610
-6373
65316
87714
-57198
-97294
-23039
-14196
-42906
-19555
84421
17243
-30657
85234
-42223
-70742
61731
33444
-25329
14175
-29456
-41569
-36018
-24729
67476
-51809
53245
6148
-85862
84332
71156
-70973
93596
61137
99651
66236
-40795
-83176
-6175
-33955
-93929
-27166
19880
-61317
85776
28084
60091
67935
-38671
-46531
95091
-84309
42703
-15075
7432
-9370
58194
-67665
16424
90486
78284
-49789
77842
98453
-62430
15800
-68924
12799
30634
-89879
4156
-46866
-39348
19025
95532
-6088
42590
-20472
-90384
82020
-50379
-3071
97502
77722
29744
-33619
53792
-2525
35962
13092
-89153
-80878
26665
-59770
-19979
-31766
-49773
87311
-33284
81025
-31407
-1107
99403
-28179
26537
60797
68374
-16740
-88249
-2144
5701
-85591
32876
-27563
-24525
-89349
-87816
-59455
-16491
3363
-25991
-33176
-87345
-6453
45796
-96526
-36140
-76412
-91647
41490
-56525
71421
-59335
99018
-16180
-88688
-95243
48975
77655
89382
-3443
2466
-29380
-67241
-247
60663
56612
90274
27532
86373
-24570
-42549
52029
-17812
-87945
-23596
-50559
42385
-34099
-42600
41949
-5503
-35556
-43802
40394
-28160
70471
-93
-16546
-34551
-43967
-7399
89278
-11114
86504
18716
42347
-10577
76038
46619
-8824
-46464
-85425
74964
88025
-63228
81937
84800
41050
68657
-27581
-13651
-33989
-89900
71506
53981
-14244
-68042
39945
-48592
44620
-13138
-94742
-32744
65871
86249
-9446
66581
-36660
87837
97725
-79746
61260
-38624
58958
42250
20989
62151
-95596
-3355
-32035
-3839
-16951
-75952
-98252
70437
13183
-86972
89815
-80775
-48256
-67087
52564
86955
-52061
50790
-39483
20674
-88686
27924
-3948
73683
75716
37515
-15651
4480
26428
87598
83445
90127
-28078
-96168
61708
-61242
-25606
-39401
-38922
53464
-32409
-15336
32563
-29768
94915
75043
76306
-36580
81104
-43864
-15349
49483
-35016
-39760
6217
-29178
60275
21644
-70070
78413
93040
69090
89666
-90398
-57558
-9645
60458
67820
95305
-49873
13833
54100
90090
-17346
-8389
-1168
-62645
99707
-59334
-26572
-75064
81133
52722
20886
76569
-41443
-78989
-58151
-77376
-33282
26821
50745
-67812
98362
96891
51832
-74266
75584
-64303
-81790
-46333
20534
-35294
-50911
41100
42238
-79353
-42370
37419
55758
10803
-2088
-31455
73479
-81896
-71719
-84948
-71265
21396
-96117
-24024
-23927
-20681
-42538
-36318
-25550
14226
56995
77485
-36264
70773
-42061
54021
53161
20251
36869
-36733
-21964
73919
-7693
-8259
-66152
-27396
88967
38576
16761
32090
-31434
-95186
-7586
57300
43596
20488
-14408
89784
56460
64492
-24666
71421
90837
83358
84988
67746
-16317
24853
6045
-43020
-14260
31081
-12294
-93148
-42415
45478
99904
-69366
-13001
59534
-17362
-91476
-6147
56876
-60669
-27667
90303
13070
-30633
-24112
75491
65750
-6608
34306
28284
9025
34849
11725
22829
-57948
-77411
-62776
43994
-27149
-23440
-41946
-16172
21651
-90954
83521
46971
59010
-45639
10444
-46106
348
-13308
73833
-45102
95322
-7215
-73293
60451
-80629
17270
38155
-50482
-82615
64663
-71870
27889
6084
31692
67513
-4495
-24726
53690
57245
-21548
30606
-61635
82341
84072
-49480
-56086
-45903
-50351
-38422
-95121
15496
-74889
-24091
-34985
-59018
-46061
71021
-68839
14207
71777
-75353
27334
-57967
83756
27518
14462
-45173
-74374
24477
-67989
78103
11343
94688
-40162
-60559
8723
90601
84384
-3565
-23636
-38034
24103
84403
63363
-13790
-69500
43269
84201
96375
87359
35063
47676
-23447
-21689
-35770
-73313
40674
44868
25502
-11482
-20061
99127
68195
-63401
-64949
-93541
47506
80144
29835
-53792
2272
20261
9006
78338
-43202
-14267
95712
40348
-44483
33808
-36178
-46873
-10528
-98622
-56407
58751
19359
-77375
92913
80446
-75143
-28884
-52801
-99154
-14979
69582
-11050
66760
-34683
86477
-40789
-25847
-62154
75092
-27758
-67429
29509
-75366
-83466
90914
-83468
-81546
-14608
-3362
-34259
52221
97718
-84125
59458
-70336
6925
43730
-92079
19759
-84189
23168
-88478
-9109
-93952
-24207
19276
-19948
-41454
-38312
-13792
51471
68721
-98916
61903
41917
-66879
-21754
64608
-88854
36773
-45524
-5894
72458
-92816
17275
19990
93446
31399
-38180
22058
-58574
-29267
88978
-68725
80796
64319
-86508
75959
26497
2318
20867
52177
-86699
22466
78290
-20135
-51787
-14106
-41759
28191
69263
99747
-93218
73155
-56920
-12463
10128
133
5063
40381
3666
77417
-80223
24070
37036
25861
33168
19302
-47928
-77621
713
-41716
45467
79276
-3709
-75085
-15182
-56664
32146
16827
67692
-92402
-93674
-66722
99675
31221
43029
-19903
37989
26557
-18835
-87866
-20841
77950
-41967
-96171
75517
39537
4563
-38695
-66090
-2959
-59335
98226
-65222
84393
96316
-39215
-1922
-8274
-64758
74108
-64765
3333
-14724
-91600
84591
-79320
85742
-20034
61919
-90778
24564
-84218
-77650
62473
4282
-60384
-44457
-14236
21152
88920
39298
-93835
7745
97918
-6209
-9093
-53191
-57878
85236
-21384
-7485
26483
74471
-39366
-79879
165
-67984
-77722
6070
-52715
82774
-91010
-70982
-64011
-55689
41314
-58866
26338
895
-79130
-22274
1687
42183
-91127
-26071
-74273
96501
-52545
8836
77666
38218
23287
4067
-39454
67440
-91057
-24193
-41354
56505
13105
-12920
-34579
-65285
-82491
-95797
32832
37553
-11223
-90756
92081
89058
-77668
-79653
61034
-63023
-38999
85086
76921
-7527
-39939
42014
-96216
88648
52810
78113
-33346
19392
-84718
-66987
-34912
70479
-67808
70271
-93570
-83306
-37209
13260
95571
11687
96149
76059
-97775
-52627
-14208
-62549
91236
-44859
71220
26917
2187
-38955
62212
-47993
-3843
6989
-58101
50288
-71338
58908
-2940
48236
-84299
-14514
-3548
-67092
-5242
5112
-45410
-32406
-20245
14002
37024
55740
-91173
-68494
-52568
63595
69915
16909
86491
-22020
-58582
67882
-52636
37067
-83009
19333
-30037
-64837
70353
60200
-38565
-97532
-61149
85766
64249
-3436
20225
-58569
-3067
-74575
-55816
-72904
-85918
9791
76283
-32773
-29026
-48031
62523
-37617
13040
11314
13118
-24895
-54984
-70053
-38182
9934
-98809
-24414
-72782
-11529
-82385
88626
65063
34684
67433
76079
-79502
-81877
68185
-28454
-80275
97481
77978
-40032
91424
67041
46290
94015
-80273
73174
42166
-40894
-94847
4063
-2584
13381
260
79097
-62753
-80007
56562
-25995
36446
51240
-77061
57734
27882
10675
-53192
-60438
70958
63572
-98322
-74137
-66259
82267
-48347
14275
-91495
-44276
-44045
-72262
29400
38219
-96747
3852
12129
-76825
15627
-14443
-32913
-45530
-81547
79594
-89745
58379
-67221
45899
-1391
96632
-54679
-34323
6674
-66938
18357
-66512
41809
56390
-37638
-8001
-33451
-58948
11908
51118
47606
58970
-72156
42575
77416
67004
14005
34531
44363
-84420
92675
56230
83821
43132
-13581
62470
99474
-37789
-19384
21869
33362
-83885
27177
83083
-95103
-46217
-66892
-76816
58248
90092
89750
-56176
-79893
10131
20850
-47046
60733
-40296
65760
41351
37786
23058
-98682
57315
-2369
26087
-22701
1744
-38908
70374
-26019
-11435
-6135
43855
-3893
-43177
27325
-91475
30568
30355
-18305
-48485
83819
-46273
96709
-66726
15576
-12303
48845
47844
9607
36840
76262
-40359
-29287
30017
-60902
66906
-79615
-48967
52954
23761
74604
35171
93212
-31408
21322
21376
-56746
-4388
47459
19988
-67187
4
-16521
20347
6519
83256
-79136
78038
-55292
-38309
-27145
11831
-13266
93186
-69546
41861
-39429
-83919
-74470
-13913
82292
59396
25544
75061
51419
-37957
17413
44920
42361
63604
-59208
59764
-81857
6127
-15678
-60012
-32934
-55411
-61705
-31982
-9575
10297
67222
-12053
78766
23610
-89195
-99995
-30221
39906
89302
9048
-98512
96988
-74634
-94173
-8588
-82026
12940
-74294
41170
36969
-67414
9390
17537
39686
-39564
-99790
40508
79173
21275
18250
-21470
-67058
-1575
9559
-46915
67379
-41099
-3294
-91061
-70632
-34102
-3997
-31684
46457
13871
-26702
1794
71295
-25646
83095
-18605
-94376
-62786
-30110
1914
4943
38475
90216
44796
48848
96949
61329
-18968
28039
-21997
-11008
63734
50403
70488
-54430
58655
-67708
27549
7996
68183
-57725
-83328
86841
24147
-80118
22408
-82490
10823
10534
28236
88290
-50912
-59590
52468
39263
-94274
-12615
58687
-39120
-4565
-1473
41305
61623
5642
-11412
-21460
28706
34721
-59333
-56866
-14894
-74939
35803
98112
-40089
-63929
-82632
-79755
-65400
88169
74559
4865
-7381
54447
-85674
-93185
64715
-87150
-73841
53741
66091
96601
74042
-66929
99371
55514
10959
-85496
70577
-57731
17442
28784
-2608
-36338
-7791
76503
48593
-42297
-12924
-68269
1741
19570
35345
38713
82119
-42099
47668
-63851
19465
-5319
-92967
-71118
66302
20966
-73235
-78362
-70170
7490
9930
-88503
-63539
81399
27070
42018
67992
-80406
84912
12523
-7038
17947
-53148
-32762
5617
83751
-22053
5977
72537
-97349
-279
19886
-30034
-99140
-5083
61934
2471
29825
2450
3997
-27764
20438
-10667
41316
-96696
-13135
4219
15276
-91298
44950
-99433
-79932
27500
-62977
31587
85142
-69334
67469
-11188
78250
67229
40475
76795
-77510
62779
35023
55619
-6210
37586
-66520
-14072
82470
-54724
-62630
89447
41218
15889
-91072
-38433
86376
-23579
-34803
-97064
-25352
-73479
60977
-52774
-13148
-30100
52037
-85959
98825
-97827
-20385
98868
61406
-11237
-85546
-79757
-16020
9011
-2955
57994
64391
66131
-28490
-13252
86817
-5746
-22232
53365
-28055
2820
-44475
-26231
39707
33490
-29773
4368
20944
17430
65977
-60954
-74463
-39952
-2593
52211
99225
58038
12642
17339
92054
-99480
59031
96499
-93464
-30857
11125
29778
67236
-27896
-18717
34419
50618
69350
62572
-50859
-30105
22800
79577
-41053
-4922
-33084
1429
-89836
-82647
25527
10072
50332
-98894
-28479
-33224
-42809
-3265
-37926
-47868
99287
76182
-42932
-43725
-31294
-31754
93548
59051
-89818
-24065
-35900
76449
92585
58323
-60031
-77446
-19306
-62580
-93435
71242
-14984
-8384
-5488
-94812
70547
57281
39144
38923
-33388
23458
-14912
-26041
51772
57250
-86022
-73309
-67725
-13134
-23503
-58148
-88400
-95215
26974
84007
93241
-56194
94881
82904
-22839
72420
23349
-55609
-80548
-97518
32282
-99055
-87243
54526
80060
-9286
41629
-15447
-86527
-84432
63156
76459
95362
81114
-54702
49660
-51195
95650
79936
69950
27382
-57537
93143
-25506
-41219
-42006
28070
-65383
34700
-37829
-70513
-84443
-49574
-98771
-38153
85248
68917
16962
-48487
-52847
-17191
61766
65324
71865
-89576
53515
-35093
31074
78051
-75796
42440
47004
-58559
-65312
24772
30380
66823
59891
-39106
-34119
-83415
-15752
-21063
31699
-19191
89005
54182
-49167
70168
-35238
69681
-30357
-9003
-58294
-59364
-85499
-96919
-73537
62942
-51785
-80036
79249
9398
-85292
-35678
95657
-44156
-60984
-90078
69905
66374
-44352
15557
42211
-88034
-12690
-29436
-68169
-8530
-22883
-52865
91930
49165
-77552
61347
-2944
83191
61055
43263
33028
20788
-40157
-24618
-19366
-24974
69532
-19612
39081
50732
-33295
8708
-75551
-23409
16999
-9900
15496
-78669
53854
-99610
-320
-76741
-51830
31324
-44963
67449
-127
-34734
34721
3744
11107
-74479
-77901
-87135
2371
64365
87311
-79505
-96030
-39841
51465
72611
46919
-95356
9722
-47489
-17616
-17932
20072
14259
4222
-58344
-59073
-54237
70862
-39968
-18866
-50376
13123
-99007
-88744
51757
84369
-30010
-53252
80799
-85231
-62293
31291
82511
-36680
-26694
47914
-18659
-49153
-31980
13140
-68196
-32903
-29823
-41422
-98782
81952
-57177
13183
-8955
15731
23560
-55581
-68508
21151
-40035
21508
-65438
98347
-29899
-42102
-56270
-10969
-59721
-99994
75335
-46740
34474
-79992
61147
-21350
71753
-52420
70761
-42501
44634
8197
-83743
-43120
-79394
56981
-20277
50193
-22280
-66201
98002
-86937
85763
53387
-98497
-70340
13709
21742
4664
46443
-64274
-98351
19630
-10770
18678
1116
-4410
72186
51247
59660
-22728
54989
24211
82822
57718
46041
84951
26008
-51331
-83635
-48679
55585
99903
61699
57286
-16976
-68618
65320
-97553
-13265
-49555
5889
41200
-11523
-57315
-68343
55531
32258
94557
-58293
-15464
92607
-81418
-69857
-72595
-28480
-39091
87021
64995
-47221
6891
79711
-82465
53561
-27264
81355
-63286
-67562
-39579
17133
-42410
-93694
-72535
54938
-10718
81628
-78849
-24225
76046
-37235
86942
23202
-72417
-54101
28987
-29815
20238
-69941
80849
62618
-39069
-63512
-53052
-14116
-25514
-71998
98689
-70354
3261
-6227
11746
40277
-2547
52266
47492
-5328
-78265
-19490
76971
-10681
-57714
-577
57991
-12860
-65105
44792
51898
70897
96261
66003
-8183
-83827
16993
-70578
-36689
-51668
-16278
92845
-84863
-75358
-43471
574
-58645
-66221
73339
-72590
-31867
-64247
-82720
80295
42384
62510
-54038
-34699
94113
42800
67378
-2621
-99223
53252
99140
31680
-56866
-74959
-37673
71505
-30644
18253
-75236
-978
-8394
46778
13120
-63093
39699
66581
-42128
88277
-18202
74143
-78282
38030
-43013
-91547
56349
41588
57031
-65145
36666
-15258
9226
-36941
-33641
-98997
30921
-57511
98686
-44504
88951
33797
-73627
-23463
56889
18614
-52035
1754
-73857
-99052
-83254
-19194
-54018
59090
-16206
-68615
59025
-8429
-88460
51122
-48797
-49182
36457
77940
-62790
35174
12923
41302
7932
-13095
60798
17222
-55899
22131
82893
-26355
39469
-64897
52371
99829
-68356
52138
4235
43156
-4656
-95974
-62756
-97000
30868
-15029
5959
38497
89519
43669
-775
-34868
19839
-84291
-64808
-60927
52780
32248
3825
23180
-93513
-23047
-50684
27402
4651
-12531
-61266
7651
89525
-45658
39839
77557
-36974
5957
-67076
-5683
-23319
-19149
14597
32819
-33033
-33953
-58604
-7360
-2973
-72999
53549
-71810
89601
-7585
-65719
97963
16415
-80047
-64399
-37912
-44265
89341
62418
-22812
-18278
93706
44931
-77968
-71462
44897
-32858
-48760
59322
12920
39739
89480
77131
89514
-4599
-50104
58204
-62353
4712
-75006
51197
42869
22731
58153
30550
28264
45096
53117
-83430
-11912
-6501
18223
29428
-87432
-11956
-68544
79513
-5540
54743
-5429
69969
71134
13043
43597
-62904
-9157
-72129
85931
-14761
-79506
69461
-88813
19943
-27340
-51365
63664
42503
89670
49252
60549
78840
-92780
-71939
-59694
53423
48878
-79141
1787
-96360
-91399
42237
15653
-59131
-66630
10025
-77268
26250
54214
7395
58455
-13240
48835
-64385
-85550
62914
-10622
45451
34769
23858
41126
14597
-98078
62889
-30548
-12489
93357
26546
64581
52869
-35158
31241
-44029
88669
-37581
-23859
61179
99708
-41648
-40469
-37004
81443
-41027
12667
90423
44583
-37607
89773
14405
-36606
56161
-92935
3414
24943
-5205
-3414
-2341
57875
-91519
-1945
-92629
-98548
50921
-24440
59337
-38563
-34149
-96265
6351
66778
-55488
-86868
11090
-93000
83723
48770
-33052
-92425
3809
58292
99300
-14390
-20344
72987
-57961
-14715
-91931
91350
-69103
-41411
-84841
75915
47179
11807
-64441
-92658
76254
74080
67035
7763
-58332
-92178
36282
-70860
30655
96514
-92644
-50254
-94735
24320
-31512
-92495
-64095
-10804
79456
-2817
-92308
-34540
81347
65273
-86388
23547
-1667
29154
-10521
29366
-37952
92773
-64651
8387
35977
36543
-72594
63160
75701
44850
-80196
89740
-51698
-59860
-42879
819
53631
35151
-16458
-67003
18886
83515
66895
-88279
-51235
-9706
86453
-52622
-33913
6095
87318
-83888
70438
-79725
-55358
-68425
53244
97291
54368
61337
69636
-67252
-43819
-23590
73756
13138
-3489
-1615
-70152
-11162
36404
57875
-93522
21772
36496
27336
-57355
-17185
-76792
38136
-1288
-44062
-59790
-3631
-971
79733
79367
-22959
11081
-68735
-20250
3786
53090
-27524
-53735
-9453
-47079
83102
98057
-59254
-10098
52303
-11985
-27734
-66592
73128
94104
3913
-72319
80256
-14861
-97393
19744
-47341
27883
-28441
-43808
82493
24407
99110
11931
-15057
56152
-68290
-76228
-97771
-16714
42621
-68957
-76902
-13324
84231
-26059
51518
-39273
20114
58120
99340
42074
7409
-76927
-6216
-50614
-30968
96597
-35145
76732
12228
-52117
82258
-14005
-19743
92780
13979
-81209
80134
7187
17372
36957
60356
-98442
71085
42618
15658
3809
94809
-69603
69377
77616
-17668
-25026
-3588
3228
-96938
-51576
81219
-70627
62522
79136
15058
74607
-29646
-91340
8039
-13219
33000
45091
-96723
-37473
-78583
45437
48554
75774
-16002
-66597
92330
-79697
96828
-52526
89108
7618
-97833
30765
41248
54636
78911
86128
29462
-60853
38090
-38952
71756
73729
6777
-73243
-69269
78281
-74224
49697
-31173
78151
-18628
91295
25402
85219
8028
-22394
95854
83122
-76848
88100
48494
-58755
-1931
-27689
-83238
10548
-22815
15246
56670
64434
73314
-96003
19205
-76946
21566
29419
-16590
-4384
14178
86044
-84138
30530
10103
58753
-93991
-64019
35378
14973
74534
85712
-12632
83395
73948
7243
-4636
92400
41297
-16763
-78242
86896
44821
60300
16966
-96380
-21652
-77560
-67315
47193
-4693
-19400
58019
69638
-98771
66816
75246
32718
-87448
-63284
-14098
34986
28548
50849
40785
-16046
-39888
65184
95984
-75654
-58843
15295
-99667
-25012
8112
87753
1370
43796
-4851
-48395
-95624
3313
19928
79042
44807
-74266
7049
86772
-81959
-4182
-9599
35454
-68051
98218
-13879
9160
-17885
-85735
74102
-20099
-4568
67504
-43018
-13397
25384
-56788
11754
-96438
49671
-95977
-72066
-84136
16690
-64436
-79174
-77378
-23397
-69250
14085
-36486
-78945
26193
-84881
28804
66981
32360
-94166
-42899
-71259
-81816
66854
-75672
74376
96192
68183
53010
-11005
-56106
1666
56980
22594
-32419
55747
49567
-97342
46901
-84315
77316
-42789
50203
-35776
-2257
-31210
96458
36192
-38889
82177
-22986
-3760
-25640
-49579
-10023
-15258
-29250
-15216
48985
31012
98878
39255
26471
-91551
-7921
-42223
8402
7068
78243
-41806
94224
-34522
9319
30626
-92907
-60279
-68435
91937
64978
55460
55225
-14815
31530
-33661
53280
-41464
-21529
13492
-96949
-87279
-68011
-35102
62353
-30013
-98049
37591
18345
-64846
61596
5760
92381
66718
-57841
10678
99144
-79955
-99761
-29810
-89654
-7146
-40499
9854
22146
16968
82715
55273
-67866
-81539
83399
85796
-90319
19135
95559
-28359
-19466
41460
70245
-30578
-55392
97404
-50417
9747
-48525
-60891
22762
-55826
46113
-12714
-87930
-42578
96559
2865
-91756
16260
-24240
99028
92668
81081
51609
97652
-17104
45021
92479
71534
51741
-50899
-56545
19699
81751
-35856
-5219
16961
62579
-21470
2014
-73894
68408
-93579
61253
50821
-62766
2276
3221
-25488
10297
12519
-31400
-43233
52169
-898
32847
-9686
4907
62961
98420
-17815
-24980
72405
57430
15135
71279
93874
7896
9029
29594
93568
31722
24304
-8031
56471
-88006
9522
49544
28091
-58437
31052
-73724
99262
39622
89313
-79265
-19522
-83354
81340
-32447
-51266
776
-92641
98189
37325
-75605
-30539
12521
-45931
-1067
89867
85227
71392
-65655
-16842
-52112
40577
66111
40927
-48466
-2682
36425
-6129
-95582
-49885
-74169
-15826
-28592
68843
47764
-61378
-44483
-88048
-26186
57648
53604
-4309
86539
-10478
30044
-35007
87581
-37125
91986
63947
-54176
-63046
-95002
-6250
17983
-19462
-7385
-22259
-34837
48611
-29333
-26339
-80575
6070
40347
9201
-6444
35301
47857
-75868
-9318
-65689
68113
-74593
-92800
-71780
74724
-49297
34157
-91616
-50614
-21141
-33571
-57219
-44374
58813
62991
9705
-63504
564
-81035
99484
2932
68502
79903
-71714
-47638
-18215
30282
95404
13859
98924
58733
-17212
-70365
-45362
42688
17735
-12031
-60757
-67447
-44555
-6798
9704
3981
-91406
-78483
33812
-30283
-87539
98648
-77932
56066
78069
6215
-77034
60760
-58812
-37815
-1698
22921
-61286
22096
13737
34392
-67403
86571
85922
-47719
-39605
-70747
-55810
62617
-58324
-38670
96240
-28782
31384
10909
14096
-34671
-72988
28506
98318
25584
22982
-43680
-85536
39524
-3689
25895
26160
84718
-6972
35857
-3225
-10017
68296
66637
-60658
-18615
-75900
61261
68677
32687
-33007
31557
-43113
76682
14285
-71549
72928
59601
40929
-43256
-88887
24278
-36305
-95679
76600
-64882
-46067
-75561
-55748
99325
-421
66543
63222
-91241
-41794
-59867
-58220
43291
-45961
75948
56642
-33176
42675
-6508
-80319
-59401
-33337
55530
-24457
-59682
-87219
73774
-17495
39497
-69016
-94765
24628
-20210
72934
57279
-81411
-62301
-25431
-75778
-28150
43787
5495
98933
29439
11505
310
35318
-56292
83302
50160
48659
-442
32997
48392
-64565
-51588
-66187
-74119
89258
-39782
-51090
83262
-51206
29880
13289
11308
60882
91690
36336
12660
-66237
-23711
74101
-64364
-45718
35737
-81381
64091
-41745
-31831
-12590
2514
-6353
50762
-8097
76760
18418
-32333
-61696
16786
75598
80789
3867
74193
83446
-75660
-19969
41799
85859
9952
23515
38193
36940
48911
-85281
-64801
62481
12138
59241
38337
72785
