-99995
-99994
-99964
-99963
-99938
-99909
-99905
-99900
-99845
-99842
-99837
-99790
-99781
-99781
-99773
-99771
-99765
-99761
-99729
-99726
-99715
-99667
-99618
-99610
-99570
-99556
-99480
-99474
-99441
-99433
-99414
-99383
-99381
-99334
-99318
-99306
-99280
-99253
-99244
-99223
-99173
-99169
-99154
-99141
-99140
-99106
-99099
-99090
-99073
-99055
-99052
-99052
-99023
-99017
-99007
-98997
-98958
-98931
-98916
-98910
-98894
-98889
-98886
-98852
-98832
-98809
-98808
-98808
-98796
-98782
-98771
-98771
-98767
-98754
-98700
-98694
-98682
-98669
-98631
-98625
-98622
-98611
-98603
-98590
-98585
-98569
-98548
-98532
-98526
-98512
-98497
-98482
-98446
-98442
-98401
-98351
-98331
-98322
-98312
-98311
-98298
-98252
-98220
-98217
-98202
-98197
-98159
-98102
-98078
-98071
-98058
-98053
-98049
-98046
-98035
-98027
-98010
-97965
-97906
-97902
-97901
-97877
-97871
-97871
-97833
-97827
-97792
-97775
-97771
-97764
-97746
-97718
-97681
-97640
-97636
-97621
-97613
-97553
-97539
-97532
-97532
-97518
-97512
-97492
-97459
-97458
-97448
-97438
-97429
-97417
-97393
-97370
-97357
-97349
-97344
-97342
-97294
-97290
-97258
-97256
-97231
-97198
-97138
-97136
-97129
-97124
-97121
-97111
-97109
-97100
-97076
-97064
-97042
-97011
-97006
-97000
-96975
-96952
-96949
-96938
-96938
-96933
-96919
-96906
-96833
-96796
-96747
-96731
-96723
-96713
-96696
-96660
-96630
-96588
-96588
-96579
-96526
-96505
-96444
-96438
-96433
-96423
-96422
-96380
-96370
-96360
-96300
-96296
-96284
-96265
-96244
-96216
-96178
-96171
-96168
-96126
-96125
-96122
-96121
-96119
-96117
-96030
-96003
-95990
-95979
-95977
-95974
-95971
-95942
-95934
-95922
-95891
-95889
-95887
-95797
-95785
-95770
-95769
-95750
-95734
-95723
-95713
-95712
-95679
-95634
-95624
-95596
-95592
-95582
-95555
-95553
-95514
-95501
-95421
-95356
-95282
-95243
-95229
-95227
-95227
-95215
-95208
-95186
-95154
-95141
-95131
-95121
-95113
-95103
-95101
-95089
-95081
-95058
-95056
-95050
-95017
-95002
-94955
-94918
-94892
-94891
-94850
-94847
-94831
-94814
-94813
-94812
-94800
-94784
-94780
-94773
-94770
-94765
-94745
-94742
-94735
-94633
-94629
-94623
-94503
-94497
-94469
-94461
-94430
-94377
-94376
-94369
-94363
-94309
-94305
-94291
-94285
-94274
-94186
-94178
-94173
-94171
-94167
-94166
-94166
-94144
-94082
-94060
-94025
-94018
-94004
-93995
-93991
-93983
-93978
-93952
-93929
-93923
-93911
-93892
-93883
-93851
-93848
-93843
-93842
-93837
-93835
-93814
-93806
-93797
-93734
-93726
-93721
-93708
-93694
-93678
-93674
-93672
-93658
-93629
-93623
-93598
-93579
-93570
-93567
-93552
-93541
-93534
-93522
-93513
-93499
-93464
-93461
-93444
-93440
-93435
-93421
-93407
-93399
-93396
-93381
-93290
-93239
-93218
-93185
-93148
-93139
-93124
-93097
-93091
-93048
-93037
-93028
-93013
-93000
-92968
-92967
-92963
-92935
-92915
-92907
-92899
-92816
-92800
-92780
-92755
-92716
-92689
-92670
-92658
-92654
-92644
-92641
-92637
-92629
-92607
-92583
-92566
-92555
-92532
-92495
-92471
-92462
-92425
-92425
-92420
-92402
-92308
-92294
-92285
-92270
-92253
-92224
-92208
-92178
-92121
-92099
-92080
-92079
-92030
-92020
-92010
-91996
-91931
-91930
-91908
-91774
-91756
-91729
-91721
-91721
-91657
-91647
-91635
-91625
-91616
-91616
-91600
-91561
-91551
-91547
-91521
-91519
-91495
-91476
-91475
-91435
-91406
-91399
-91374
-91368
-91359
-91340
-91298
-91245
-91241
-91182
-91173
-91148
-91141
-91127
-91083
-91079
-91072
-91064
-91061
-91057
-91046
-91013
-91010
-91009
-90989
-90970
-90955
-90954
-90896
-90856
-90851
-90821
-90812
-90809
-90805
-90786
-90778
-90765
-90756
-90731
-90615
-90588
-90578
-90573
-90547
-90505
-90504
-90490
-90482
-90454
-90432
-90428
-90424
-90420
-90398
-90384
-90381
-90333
-90332
-90319
-90305
-90300
-90285
-90165
-90164
-90136
-90131
-90124
-90096
-90096
-90078
-90073
-90057
-90053
-90040
-90028
-90007
-89975
-89931
-89900
-89895
-89879
-89857
-89851
-89848
-89836
-89828
-89818
-89788
-89773
-89758
-89745
-89745
-89720
-89691
-89685
-89654
-89628
-89606
-89576
-89569
-89525
-89521
-89520
-89515
-89487
-89471
-89436
-89432
-89430
-89414
-89358
-89350
-89349
-89263
-89259
-89252
-89249
-89241
-89228
-89195
-89153
-89133
-89117
-89109
-89102
-89013
-88929
-88887
-88860
-88854
-88849
-88838
-88835
-88825
-88824
-88822
-88819
-88813
-88813
-88793
-88778
-88760
-88759
-88755
-88744
-88741
-88726
-88714
-88688
-88686
-88683
-88674
-88659
-88645
-88637
-88631
-88617
-88581
-88553
-88543
-88534
-88507
-88503
-88498
-88478
-88460
-88441
-88437
-88419
-88415
-88400
-88395
-88280
-88279
-88249
-88247
-88207
-88179
-88174
-88132
-88111
-88077
-88061
-88059
-88048
-88034
-88021
-88006
-87976
-87964
-87964
-87945
-87945
-87939
-87930
-87883
-87881
-87866
-87853
-87828
-87824
-87816
-87724
-87654
-87631
-87630
-87621
-87568
-87560
-87539
-87519
-87516
-87515
-87448
-87432
-87411
-87381
-87380
-87379
-87345
-87344
-87317
-87279
-87243
-87230
-87226
-87226
-87223
-87219
-87202
-87159
-87150
-87135
-87126
-87126
-87106
-87099
-87091
-87079
-87054
-87016
-87008
-86976
-86972
-86970
-86963
-86960
-86953
-86937
-86887
-86868
-86849
-86798
-86797
-86783
-86778
-86699
-86587
-86578
-86527
-86516
-86508
-86478
-86474
-86431
-86426
-86388
-86383
-86353
-86326
-86270
-86246
-86212
-86066
-86022
-86008
-85959
-85918
-85904
-85865
-85864
-85862
-85795
-85752
-85743
-85735
-85676
-85674
-85648
-85628
-85610
-85591
-85583
-85569
-85550
-85546
-85536
-85525
-85499
-85496
-85482
-85475
-85473
-85425
-85402
-85365
-85352
-85347
-85331
-85308
-85302
-85300
-85296
-85292
-85289
-85287
-85281
-85231
-85202
-85174
-85167
-85151
-85139
-85134
-85114
-85105
-85102
-85094
-85090
-85075
-85036
-85005
-85004
-84995
-84948
-84942
-84942
-84923
-84908
-84883
-84881
-84879
-84863
-84841
-84817
-84815
-84795
-84790
-84781
-84773
-84753
-84718
-84706
-84694
-84599
-84529
-84479
-84443
-84432
-84420
-84413
-84377
-84370
-84315
-84309
-84299
-84294
-84291
-84256
-84218
-84214
-84193
-84189
-84178
-84165
-84163
-84138
-84136
-84125
-84064
-84050
-84030
-83974
-83937
-83919
-83888
-83885
-83882
-83849
-83838
-83827
-83809
-83801
-83774
-83748
-83743
-83725
-83657
-83635
-83586
-83582
-83542
-83516
-83501
-83468
-83466
-83450
-83436
-83430
-83422
-83415
-83411
-83399
-83366
-83354
-83328
-83318
-83306
-83292
-83255
-83254
-83238
-83233
-83222
-83221
-83221
-83176
-83172
-83159
-83103
-83090
-83064
-83044
-83012
-83009
-82926
-82909
-82793
-82761
-82753
-82753
-82734
-82730
-82720
-82715
-82710
-82654
-82647
-82632
-82615
-82600
-82583
-82574
-82543
-82499
-82491
-82490
-82489
-82465
-82449
-82434
-82432
-82420
-82399
-82385
-82369
-82367
-82245
-82237
-82225
-82177
-82110
-82105
-82100
-82069
-82036
-82026
-82011
-81959
-81896
-81880
-81877
-81865
-81864
-81857
-81824
-81816
-81809
-81791
-81790
-81771
-81696
-81567
-81547
-81546
-81539
-81435
-81418
-81411
-81399
-81394
-81392
-81390
-81381
-81350
-81342
-81319
-81315
-81287
-81276
-81223
-81209
-81194
-81191
-81100
-81035
-81031
-80998
-80993
-80943
-80920
-80885
-80878
-80820
-80796
-80775
-80762
-80724
-80648
-80629
-80619
-80618
-80608
-80575
-80554
-80548
-80498
-80479
-80449
-80446
-80442
-80429
-80418
-80406
-80371
-80355
-80322
-80319
-80307
-80275
-80273
-80271
-80261
-80228
-80223
-80217
-80196
-80165
-80118
-80118
-80110
-80110
-80077
-80071
-80068
-80062
-80047
-80036
-80015
-80015
-80007
-79994
-79992
-79983
-79955
-79932
-79920
-79904
-79893
-79879
-79849
-79786
-79783
-79757
-79755
-79746
-79744
-79725
-79697
-79667
-79665
-79653
-79647
-79615
-79556
-79506
-79506
-79505
-79502
-79488
-79482
-79394
-79355
-79353
-79320
-79315
-79300
-79282
-79272
-79265
-79239
-79202
-79182
-79174
-79173
-79158
-79141
-79139
-79136
-79130
-79114
-79075
-79005
-79000
-78999
-78989
-78978
-78970
-78945
-78897
-78856
-78849
-78802
-78784
-78696
-78678
-78669
-78652
-78640
-78640
-78583
-78561
-78554
-78524
-78500
-78483
-78396
-78362
-78325
-78321
-78284
-78282
-78265
-78242
-78213
-78187
-78168
-78157
-78144
-78123
-78043
-77968
-77948
-77932
-77931
-77906
-77901
-77833
-77812
-77801
-77748
-77722
-77692
-77676
-77673
-77668
-77652
-77650
-77621
-77621
-77587
-77560
-77559
-77554
-77552
-77510
-77452
-77446
-77411
-77411
-77391
-77378
-77376
-77375
-77345
-77330
-77268
-77259
-77234
-77191
-77183
-77076
-77061
-77060
-77034
-77015
-76976
-76946
-76927
-76902
-76852
-76848
-76828
-76825
-76817
-76816
-76792
-76790
-76758
-76741
-76734
-76691
-76690
-76639
-76628
-76623
-76612
-76552
-76529
-76525
-76511
-76507
-76468
-76457
-76437
-76426
-76417
-76412
-76390
-76315
-76310
-76263
-76237
-76228
-76163
-76143
-76139
-76134
-76007
-76003
-75984
-75972
-75952
-75950
-75950
-75900
-75886
-75875
-75868
-75868
-75847
-75830
-75827
-75796
-75789
-75778
-75770
-75759
-75740
-75691
-75672
-75660
-75655
-75654
-75643
-75634
-75607
-75605
-75561
-75551
-75503
-75503
-75478
-75468
-75450
-75391
-75387
-75366
-75358
-75353
-75286
-75236
-75173
-75163
-75145
-75143
-75140
-75085
-75064
-75059
-75049
-75006
-74992
-74983
-74959
-74951
-74939
-74935
-74889
-74870
-74852
-74822
-74803
-74734
-74678
-74634
-74593
-74575
-74574
-74529
-74508
-74479
-74476
-74470
-74463
-74433
-74423
-74420
-74402
-74394
-74374
-74319
-74310
-74299
-74294
-74287
-74278
-74277
-74273
-74267
-74266
-74266
-74224
-74210
-74183
-74169
-74166
-74151
-74137
-74120
-74119
-74114
-74093
-74076
-74073
-74023
-74003
-74003
-73957
-73922
-73911
-73897
-73894
-73876
-73858
-73857
-73854
-73841
-73833
-73811
-73793
-73724
-73715
-73655
-73627
-73538
-73537
-73515
-73497
-73479
-73457
-73438
-73410
-73350
-73325
-73313
-73309
-73293
-73268
-73265
-73246
-73243
-73235
-73202
-73164
-73143
-73107
-73075
-72999
-72988
-72980
-72931
-72905
-72904
-72893
-72860
-72829
-72821
-72818
-72782
-72769
-72733
-72726
-72696
-72694
-72674
-72670
-72665
-72631
-72599
-72599
-72595
-72595
-72594
-72590
-72555
-72545
-72535
-72463
-72439
-72417
-72386
-72319
-72295
-72279
-72262
-72239
-72226
-72225
-72210
-72189
-72156
-72153
-72130
-72129
-72066
-72066
-72050
-72049
-72026
-71998
-71988
-71987
-71949
-71939
-71934
-71928
-71922
-71917
-71870
-71810
-71785
-71780
-71771
-71726
-71725
-71719
-71714
-71708
-71702
-71695
-71664
-71661
-71655
-71636
-71566
-71555
-71549
-71525
-71495
-71493
-71462
-71455
-71453
-71416
-71407
-71406
-71402
-71390
-71365
-71338
-71331
-71324
-71269
-71267
-71265
-71259
-71227
-71225
-71208
-71193
-71179
-71178
-71118
-71106
-71081
-71081
-71043
-70982
-70973
-70970
-70953
-70934
-70925
-70902
-70900
-70860
-70762
-70747
-70747
-70742
-70732
-70718
-70688
-70643
-70632
-70627
-70611
-70597
-70595
-70578
-70564
-70562
-70539
-70522
-70520
-70513
-70509
-70479
-70471
-70436
-70434
-70392
-70390
-70365
-70354
-70346
-70345
-70340
-70336
-70321
-70288
-70237
-70170
-70152
-70117
-70084
-70070
-70053
-70027
-70020
-69964
-69954
-69943
-69941
-69915
-69908
-69906
-69882
-69867
-69866
-69857
-69755
-69739
-69688
-69649
-69643
-69636
-69635
-69605
-69603
-69546
-69527
-69516
-69509
-69500
-69492
-69485
-69404
-69379
-69371
-69366
-69339
-69334
-69284
-69269
-69250
-69238
-69233
-69218
-69200
-69189
-69163
-69150
-69131
-69103
-69056
-69016
-69009
-69003
-68998
-68957
-68924
-68889
-68880
-68867
-68839
-68832
-68791
-68735
-68729
-68725
-68704
-68673
-68618
-68615
-68610
-68561
-68559
-68544
-68529
-68520
-68517
-68508
-68494
-68435
-68425
-68419
-68418
-68409
-68375
-68366
-68356
-68348
-68343
-68290
-68285
-68269
-68254
-68230
-68216
-68196
-68169
-68154
-68143
-68138
-68129
-68113
-68063
-68051
-68047
-68042
-68021
-68011
-67989
-67985
-67984
-67933
-67915
-67871
-67866
-67812
-67808
-67769
-67725
-67724
-67708
-67693
-67665
-67661
-67586
-67562
-67562
-67555
-67501
-67492
-67447
-67441
-67429
-67429
-67420
-67417
-67415
-67414
-67412
-67403
-67400
-67386
-67381
-67358
-67353
-67317
-67315
-67305
-67302
-67262
-67252
-67241
-67221
-67220
-67187
-67151
-67148
-67120
-67092
-67091
-67087
-67087
-67082
-67076
-67061
-67058
-67053
-67003
-66987
-66968
-66938
-66929
-66922
-66892
-66879
-66879
-66871
-66823
-66820
-66794
-66781
-66776
-66762
-66761
-66737
-66730
-66726
-66722
-66630
-66597
-66592
-66590
-66526
-66520
-66514
-66512
-66393
-66368
-66344
-66330
-66300
-66295
-66259
-66237
-66232
-66221
-66215
-66211
-66201
-66199
-66187
-66184
-66162
-66152
-66145
-66106
-66090
-66072
-66028
-66024
-65956
-65951
-65877
-65853
-65815
-65774
-65730
-65719
-65710
-65692
-65689
-65676
-65655
-65627
-65618
-65604
-65592
-65515
-65470
-65466
-65465
-65464
-65438
-65438
-65424
-65420
-65400
-65392
-65383
-65374
-65347
-65326
-65312
-65285
-65259
-65228
-65225
-65222
-65218
-65145
-65124
-65105
-65099
-65089
-65076
-65076
-65035
-64978
-64964
-64949
-64929
-64919
-64897
-64882
-64846
-64839
-64837
-64829
-64808
-64804
-64801
-64765
-64758
-64744
-64723
-64710
-64702
-64693
-64686
-64674
-64654
-64651
-64582
-64565
-64552
-64441
-64437
-64436
-64416
-64399
-64385
-64364
-64352
-64313
-64307
-64303
-64292
-64274
-64247
-64207
-64154
-64096
-64095
-64059
-64052
-64028
-64026
-64019
-64015
-64013
-64013
-64011
-63947
-63929
-63876
-63854
-63854
-63851
-63766
-63742
-63674
-63671
-63614
-63614
-63600
-63568
-63560
-63548
-63539
-63520
-63512
-63510
-63504
-63480
-63401
-63399
-63383
-63378
-63340
-63331
-63317
-63312
-63286
-63284
-63278
-63235
-63228
-63187
-63162
-63112
-63097
-63096
-63093
-63087
-63086
-63062
-63046
-63043
-63036
-63023
-62996
-62977
-62957
-62949
-62945
-62941
-62926
-62904
-62790
-62786
-62776
-62766
-62756
-62754
-62753
-62730
-62645
-62642
-62638
-62630
-62591
-62581
-62580
-62552
-62549
-62541
-62534
-62484
-62482
-62430
-62430
-62424
-62405
-62396
-62388
-62377
-62368
-62356
-62353
-62352
-62329
-62312
-62301
-62300
-62293
-62292
-62238
-62193
-62154
-62090
-62055
-62049
-62045
-62040
-62025
-61956
-61924
-61921
-61916
-61899
-61860
-61790
-61742
-61717
-61705
-61696
-61687
-61635
-61599
-61593
-61555
-61552
-61538
-61524
-61508
-61486
-61482
-61480
-61438
-61430
-61404
-61378
-61333
-61317
-61310
-61299
-61286
-61275
-61270
-61266
-61246
-61242
-61224
-61149
-61118
-61086
-61050
-61039
-61026
-61016
-61016
-60992
-60984
-60954
-60952
-60929
-60927
-60927
-60902
-60891
-60853
-60848
-60831
-60757
-60714
-60708
-60703
-60671
-60669
-60663
-60658
-60643
-60623
-60604
-60595
-60588
-60568
-60559
-60558
-60514
-60491
-60438
-60433
-60432
-60384
-60370
-60349
-60300
-60299
-60295
-60293
-60279
-60262
-60194
-60176
-60145
-60139
-60031
-60027
-60012
-60007
-59970
-59954
-59938
-59930
-59905
-59895
-59873
-59867
-59860
-59812
-59810
-59790
-59787
-59782
-59770
-59770
-59766
-59756
-59723
-59721
-59694
-59688
-59682
-59679
-59625
-59611
-59593
-59590
-59573
-59535
-59508
-59482
-59455
-59434
-59401
-59394
-59383
-59364
-59363
-59335
-59335
-59334
-59333
-59331
-59328
-59327
-59298
-59262
-59254
-59208
-59195
-59153
-59143
-59132
-59132
-59131
-59121
-59087
-59080
-59077
-59073
-59060
-59053
-59049
-59035
-59020
-59018
-58956
-58948
-58911
-58890
-58867
-58866
-58853
-58843
-58822
-58812
-58798
-58793
-58755
-58744
-58739
-58736
-58733
-58727
-58717
-58674
-58645
-58610
-58604
-58582
-58577
-58574
-58569
-58559
-58509
-58506
-58506
-58498
-58468
-58437
-58415
-58393
-58344
-58336
-58335
-58332
-58324
-58324
-58294
-58293
-58287
-58276
-58267
-58220
-58183
-58157
-58155
-58151
-58148
-58115
-58101
-58078
-58065
-58009
-58008
-58000
-57996
-57986
-57979
-57975
-57967
-57961
-57961
-57948
-57935
-57923
-57921
-57878
-57855
-57841
-57839
-57831
-57807
-57737
-57731
-57730
-57725
-57714
-57686
-57618
-57612
-57574
-57560
-57558
-57558
-57537
-57518
-57514
-57511
-57355
-57338
-57333
-57315
-57296
-57284
-57273
-57264
-57261
-57219
-57198
-57196
-57191
-57180
-57177
-57131
-57094
-57038
-56976
-56961
-56949
-56940
-56920
-56875
-56874
-56866
-56866
-56864
-56833
-56829
-56817
-56788
-56757
-56755
-56746
-56732
-56689
-56687
-56683
-56664
-56634
-56630
-56618
-56608
-56564
-56545
-56542
-56525
-56497
-56465
-56461
-56450
-56442
-56407
-56390
-56292
-56270
-56195
-56194
-56185
-56176
-56175
-56106
-56086
-56079
-56057
-56011
-55985
-55953
-55937
-55907
-55899
-55882
-55861
-55851
-55826
-55816
-55810
-55748
-55707
-55689
-55642
-55609
-55581
-55502
-55488
-55466
-55418
-55418
-55411
-55397
-55396
-55392
-55358
-55344
-55292
-55222
-55222
-55203
-55140
-55116
-55082
-55048
-54984
-54916
-54901
-54898
-54879
-54878
-54865
-54852
-54849
-54842
-54815
-54813
-54807
-54790
-54774
-54774
-54771
-54753
-54747
-54741
-54724
-54702
-54679
-54671
-54613
-54566
-54542
-54525
-54481
-54470
-54430
-54361
-54346
-54342
-54262
-54237
-54179
-54176
-54175
-54101
-54059
-54038
-54034
-54018
-53974
-53925
-53924
-53875
-53848
-53825
-53816
-53792
-53775
-53735
-53701
-53700
-53673
-53564
-53551
-53544
-53536
-53521
-53520
-53446
-53367
-53284
-53265
-53260
-53252
-53222
-53221
-53211
-53208
-53192
-53191
-53148
-53052
-53051
-53041
-53006
-53003
-52972
-52968
-52962
-52910
-52909
-52908
-52894
-52886
-52882
-52874
-52865
-52859
-52847
-52805
-52804
-52801
-52792
-52785
-52782
-52774
-52715
-52636
-52627
-52626
-52624
-52622
-52610
-52585
-52568
-52564
-52545
-52526
-52523
-52502
-52478
-52420
-52319
-52300
-52294
-52204
-52202
-52187
-52174
-52154
-52149
-52117
-52112
-52061
-52037
-52035
-52001
-51999
-51938
-51920
-51896
-51895
-51888
-51874
-51872
-51830
-51812
-51809
-51787
-51785
-51704
-51698
-51691
-51690
-51668
-51640
-51588
-51576
-51568
-51550
-51454
-51449
-51421
-51405
-51404
-51365
-51331
-51266
-51245
-51239
-51235
-51206
-51202
-51195
-51167
-51165
-51142
-51090
-51088
-51067
-51060
-51013
-50963
-50955
-50951
-50944
-50923
-50912
-50911
-50899
-50859
-50807
-50788
-50767
-50726
-50704
-50684
-50674
-50670
-50625
-50614
-50614
-50579
-50559
-50547
-50523
-50519
-50482
-50437
-50417
-50404
-50379
-50376
-50351
-50347
-50309
-50286
-50275
-50254
-50213
-50167
-50130
-50108
-50104
-50037
-50016
-50001
-49991
-49977
-49975
-49885
-49884
-49882
-49873
-49864
-49789
-49773
-49761
-49727
-49718
-49698
-49660
-49610
-49579
-49574
-49555
-49553
-49512
-49480
-49458
-49429
-49421
-49384
-49357
-49356
-49341
-49340
-49297
-49269
-49232
-49182
-49180
-49167
-49153
-49149
-49134
-49125
-49119
-49034
-48967
-48949
-48896
-48870
-48860
-48808
-48799
-48797
-48785
-48764
-48760
-48679
-48650
-48620
-48607
-48592
-48553
-48525
-48501
-48487
-48485
-48466
-48463
-48395
-48347
-48337
-48322
-48256
-48230
-48217
-48205
-48148
-48141
-48101
-48093
-48091
-48085
-48077
-48069
-48062
-48031
-48017
-47993
-47978
-47928
-47897
-47883
-47872
-47868
-47756
-47719
-47702
-47662
-47638
-47625
-47611
-47590
-47565
-47554
-47542
-47489
-47478
-47443
-47404
-47379
-47344
-47342
-47341
-47341
-47333
-47331
-47315
-47269
-47221
-47165
-47130
-47116
-47079
-47058
-47051
-47046
-46980
-46977
-46967
-46931
-46915
-46907
-46902
-46883
-46873
-46866
-46843
-46800
-46746
-46740
-46738
-46687
-46674
-46655
-46631
-46601
-46599
-46576
-46572
-46566
-46551
-46531
-46480
-46471
-46464
-46443
-46430
-46415
-46353
-46333
-46302
-46273
-46243
-46217
-46136
-46106
-46077
-46067
-46062
-46061
-46035
-45989
-45977
-45961
-45931
-45924
-45903
-45866
-45864
-45846
-45844
-45800
-45718
-45676
-45658
-45639
-45590
-45557
-45530
-45524
-45497
-45488
-45410
-45396
-45392
-45362
-45341
-45332
-45327
-45320
-45298
-45292
-45231
-45223
-45208
-45173
-45164
-45102
-45098
-45076
-44993
-44989
-44981
-44963
-44915
-44860
-44859
-44833
-44785
-44706
-44700
-44675
-44564
-44555
-44519
-44516
-44504
-44494
-44483
-44483
-44481
-44481
-44475
-44468
-44457
-44381
-44374
-44354
-44352
-44343
-44334
-44300
-44276
-44266
-44265
-44228
-44156
-44149
-44112
-44062
-44045
-44029
-44003
-44000
-43967
-43956
-43936
-43922
-43911
-43887
-43864
-43861
-43819
-43817
-43814
-43808
-43802
-43782
-43725
-43680
-43673
-43664
-43637
-43631
-43580
-43554
-43471
-43439
-43395
-43380
-43326
-43280
-43278
-43256
-43233
-43220
-43202
-43195
-43191
-43177
-43151
-43132
-43120
-43113
-43072
-43062
-43035
-43020
-43018
-43013
-43006
-42949
-42932
-42923
-42906
-42899
-42879
-42869
-42809
-42805
-42789
-42789
-42775
-42719
-42716
-42605
-42602
-42600
-42591
-42586
-42582
-42578
-42549
-42540
-42538
-42512
-42501
-42495
-42492
-42484
-42483
-42477
-42453
-42447
-42441
-42421
-42418
-42415
-42410
-42370
-42345
-42344
-42297
-42232
-42223
-42223
-42213
-42212
-42177
-42141
-42128
-42102
-42099
-42072
-42061
-42060
-42052
-42051
-42032
-42006
-41991
-41976
-41967
-41953
-41946
-41863
-41832
-41806
-41794
-41788
-41761
-41759
-41752
-41745
-41716
-41707
-41691
-41654
-41648
-41641
-41634
-41569
-41529
-41510
-41488
-41467
-41464
-41454
-41445
-41443
-41439
-41422
-41411
-41397
-41394
-41392
-41382
-41363
-41354
-41354
-41344
-41322
-41258
-41252
-41219
-41202
-41147
-41106
-41099
-41077
-41058
-41053
-41027
-41007
-41000
-40971
-40905
-40894
-40885
-40832
-40795
-40789
-40781
-40722
-40717
-40710
-40676
-40650
-40644
-40600
-40548
-40542
-40536
-40525
-40512
-40499
-40489
-40469
-40421
-40419
-40406
-40394
-40364
-40359
-40327
-40301
-40296
-40292
-40281
-40257
-40241
-40229
-40208
-40199
-40198
-40178
-40162
-40157
-40089
-40079
-40041
-40035
-40032
-40019
-39970
-39968
-39954
-39952
-39952
-39939
-39902
-39888
-39859
-39855
-39841
-39838
-39782
-39782
-39782
-39760
-39753
-39751
-39729
-39716
-39670
-39638
-39625
-39605
-39585
-39579
-39575
-39564
-39551
-39519
-39495
-39483
-39454
-39451
-39446
-39429
-39401
-39401
-39384
-39377
-39366
-39348
-39317
-39296
-39283
-39273
-39263
-39255
-39254
-39215
-39192
-39180
-39147
-39133
-39120
-39106
-39104
-39091
-39088
-39087
-39079
-39070
-39069
-39019
-39002
-38999
-38980
-38964
-38962
-38958
-38955
-38955
-38952
-38922
-38908
-38889
-38858
-38841
-38826
-38791
-38789
-38777
-38743
-38733
-38695
-38691
-38671
-38670
-38665
-38663
-38645
-38624
-38565
-38563
-38552
-38535
-38532
-38529
-38499
-38497
-38455
-38433
-38432
-38424
-38422
-38380
-38375
-38368
-38327
-38312
-38309
-38271
-38231
-38182
-38180
-38153
-38138
-38126
-38118
-38074
-38034
-37999
-37994
-37957
-37953
-37952
-37930
-37926
-37912
-37907
-37897
-37889
-37841
-37831
-37829
-37824
-37815
-37789
-37680
-37673
-37638
-37617
-37614
-37607
-37581
-37550
-37546
-37527
-37478
-37473
-37469
-37402
-37383
-37346
-37278
-37274
-37252
-37235
-37215
-37209
-37165
-37153
-37140
-37127
-37125
-37094
-37081
-37050
-37050
-37030
-37004
-36987
-36974
-36941
-36892
-36890
-36886
-36883
-36833
-36773
-36770
-36740
-36733
-36719
-36689
-36689
-36680
-36660
-36644
-36629
-36606
-36580
-36486
-36459
-36452
-36449
-36437
-36421
-36410
-36394
-36385
-36372
-36338
-36318
-36310
-36305
-36288
-36264
-36264
-36260
-36245
-36243
-36221
-36197
-36193
-36187
-36178
-36178
-36168
-36155
-36140
-36094
-36034
-36020
-36018
-36008
-35994
-35987
-35900
-35892
-35870
-35856
-35843
-35819
-35809
-35806
-35802
-35776
-35770
-35767
-35732
-35678
-35633
-35618
-35586
-35556
-35552
-35529
-35496
-35461
-35403
-35350
-35300
-35296
-35294
-35257
-35251
-35241
-35238
-35227
-35211
-35204
-35199
-35158
-35148
-35146
-35145
-35137
-35127
-35102
-35093
-35075
-35016
-35007
-35001
-34985
-34965
-34948
-34945
-34923
-34912
-34905
-34880
-34868
-34849
-34837
-34803
-34751
-34734
-34699
-34683
-34671
-34654
-34645
-34645
-34582
-34579
-34551
-34540
-34522
-34429
-34342
-34327
-34323
-34317
-34259
-34229
-34170
-34149
-34130
-34119
-34116
-34114
-34113
-34102
-34099
-34069
-34066
-34044
-34041
-34013
-34002
-33998
-33992
-33989
-33981
-33978
-33955
-33953
-33938
-33928
-33913
-33905
-33881
-33867
-33855
-33845
-33835
-33799
-33766
-33762
-33760
-33728
-33724
-33700
-33661
-33641
-33619
-33611
-33571
-33566
-33469
-33451
-33445
-33388
-33386
-33382
-33378
-33346
-33341
-33337
-33323
-33295
-33289
-33284
-33282
-33280
-33275
-33267
-33262
-33224
-33176
-33176
-33159
-33142
-33097
-33090
-33084
-33084
-33052
-33033
-33007
-32985
-32984
-32951
-32934
-32922
-32918
-32913
-32903
-32866
-32858
-32815
-32801
-32792
-32784
-32773
-32762
-32750
-32744
-32699
-32698
-32693
-32635
-32629
-32616
-32603
-32569
-32524
-32523
-32498
-32494
-32460
-32447
-32419
-32418
-32409
-32406
-32386
-32333
-32314
-32299
-32296
-32266
-32202
-32168
-32147
-32139
-32134
-32131
-32035
-32016
-32008
-31982
-31980
-31958
-31938
-31875
-31867
-31831
-31812
-31766
-31754
-31725
-31708
-31684
-31619
-31618
-31564
-31540
-31540
-31529
-31512
-31504
-31501
-31465
-31460
-31455
-31434
-31408
-31407
-31400
-31374
-31366
-31359
-31357
-31354
-31352
-31343
-31327
-31300
-31297
-31294
-31284
-31271
-31210
-31199
-31184
-31173
-31162
-31160
-31136
-31120
-31104
-31034
-31017
-30989
-30968
-30951
-30944
-30857
-30815
-30775
-30711
-30711
-30696
-30688
-30683
-30678
-30657
-30644
-30640
-30633
-30615
-30613
-30605
-30578
-30554
-30548
-30539
-30532
-30530
-30477
-30465
-30361
-30357
-30329
-30322
-30283
-30248
-30241
-30239
-30221
-30110
-30105
-30100
-30079
-30037
-30034
-30013
-30010
-30002
-29991
-29990
-29937
-29924
-29899
-29860
-29823
-29815
-29810
-29808
-29794
-29773
-29768
-29762
-29752
-29707
-29685
-29653
-29646
-29592
-29591
-29584
-29583
-29542
-29518
-29495
-29481
-29456
-29436
-29380
-29371
-29369
-29333
-29324
-29317
-29287
-29267
-29262
-29250
-29215
-29209
-29193
-29185
-29178
-29153
-29131
-29062
-29050
-29039
-29036
-29026
-29019
-29012
-28993
-28967
-28944
-28917
-28913
-28909
-28884
-28782
-28761
-28684
-28605
-28592
-28490
-28480
-28479
-28454
-28441
-28433
-28359
-28358
-28354
-28292
-28232
-28180
-28179
-28160
-28150
-28114
-28078
-28055
-28029
-28020
-27999
-27972
-27952
-27922
-27901
-27896
-27800
-27788
-27764
-27759
-27758
-27734
-27726
-27689
-27688
-27667
-27666
-27657
-27634
-27611
-27608
-27584
-27581
-27563
-27541
-27524
-27501
-27480
-27451
-27439
-27430
-27410
-27401
-27396
-27378
-27356
-27351
-27340
-27340
-27328
-27265
-27264
-27253
-27244
-27231
-27214
-27193
-27166
-27155
-27149
-27145
-27127
-27114
-27055
-27047
-26978
-26976
-26925
-26767
-26762
-26737
-26707
-26702
-26694
-26674
-26613
-26601
-26572
-26539
-26467
-26462
-26424
-26405
-26374
-26360
-26355
-26354
-26339
-26332
-26304
-26274
-26266
-26237
-26231
-26186
-26174
-26107
-26106
-26080
-26071
-26059
-26041
-26040
-26037
-26028
-26019
-25995
-25991
-25962
-25901
-25901
-25849
-25847
-25845
-25839
-25821
-25768
-25667
-25663
-25646
-25640
-25640
-25633
-25606
-25596
-25550
-25522
-25514
-25506
-25494
-25488
-25431
-25428
-25413
-25393
-25373
-25352
-25329
-25245
-25235
-25234
-25221
-25188
-25183
-25154
-25116
-25108
-25094
-25026
-25012
-24980
-24974
-24952
-24939
-24936
-24903
-24895
-24868
-24864
-24842
-24787
-24741
-24729
-24726
-24725
-24684
-24672
-24666
-24618
-24615
-24609
-24582
-24575
-24570
-24556
-24547
-24529
-24525
-24494
-24472
-24457
-24449
-24446
-24445
-24442
-24440
-24414
-24395
-24350
-24342
-24297
-24240
-24226
-24225
-24207
-24198
-24193
-24186
-24182
-24178
-24162
-24160
-24132
-24112
-24091
-24065
-24025
-24024
-24009
-24002
-23994
-23930
-23927
-23893
-23863
-23859
-23853
-23776
-23747
-23711
-23692
-23679
-23671
-23636
-23626
-23597
-23596
-23590
-23579
-23572
-23561
-23524
-23523
-23508
-23503
-23491
-23481
-23480
-23478
-23463
-23447
-23440
-23438
-23435
-23414
-23409
-23408
-23397
-23352
-23327
-23319
-23319
-23304
-23303
-23291
-23186
-23078
-23055
-23047
-23039
-23027
-23011
-23000
-22986
-22959
-22925
-22899
-22883
-22861
-22839
-22834
-22815
-22812
-22798
-22765
-22735
-22728
-22707
-22701
-22689
-22592
-22582
-22574
-22548
-22534
-22406
-22396
-22394
-22391
-22364
-22348
-22347
-22324
-22305
-22281
-22280
-22274
-22259
-22232
-22209
-22205
-22168
-22154
-22153
-22054
-22053
-22037
-22020
-21997
-21973
-21964
-21964
-21875
-21842
-21841
-21756
-21754
-21695
-21689
-21663
-21652
-21611
-21607
-21548
-21529
-21512
-21505
-21470
-21470
-21460
-21441
-21434
-21402
-21384
-21357
-21350
-21332
-21261
-21214
-21201
-21184
-21180
-21171
-21141
-21140
-21109
-21063
-21058
-21007
-20991
-20963
-20935
-20915
-20890
-20841
-20840
-20811
-20787
-20762
-20759
-20681
-20662
-20634
-20575
-20572
-20568
-20521
-20473
-20472
-20454
-20454
-20436
-20432
-20430
-20421
-20407
-20390
-20385
-20385
-20367
-20344
-20341
-20327
-20312
-20288
-20277
-20269
-20264
-20250
-20245
-20222
-20220
-20210
-20135
-20121
-20099
-20065
-20061
-20060
-20053
-20034
-20004
-19979
-19975
-19969
-19948
-19939
-19920
-19903
-19896
-19876
-19873
-19862
-19842
-19841
-19804
-19801
-19800
-19743
-19733
-19732
-19719
-19709
-19612
-19612
-19555
-19522
-19490
-19466
-19462
-19418
-19400
-19384
-19366
-19356
-19325
-19306
-19295
-19278
-19266
-19194
-19191
-19165
-19151
-19151
-19149
-19145
-19139
-19117
-19100
-19089
-19075
-18990
-18968
-18956
-18866
-18852
-18835
-18824
-18814
-18765
-18740
-18717
-18714
-18702
-18659
-18628
-18624
-18615
-18605
-18595
-18565
-18526
-18486
-18466
-18427
-18368
-18361
-18317
-18311
-18306
-18305
-18296
-18282
-18278
-18254
-18215
-18202
-18197
-18184
-18158
-18058
-18045
-18037
-17996
-17969
-17932
-17903
-17885
-17847
-17836
-17821
-17815
-17812
-17811
-17799
-17796
-17725
-17688
-17669
-17668
-17631
-17623
-17618
-17616
-17575
-17571
-17567
-17553
-17549
-17544
-17529
-17495
-17476
-17437
-17437
-17389
-17362
-17359
-17352
-17346
-17262
-17243
-17212
-17191
-17185
-17148
-17135
-17135
-17129
-17104
-17073
-17057
-17025
-16976
-16951
-16930
-16921
-16872
-16860
-16845
-16842
-16805
-16794
-16789
-16781
-16769
-16768
-16763
-16759
-16754
-16741
-16740
-16724
-16714
-16666
-16657
-16637
-16590
-16574
-16573
-16546
-16535
-16521
-16491
-16458
-16412
-16407
-16382
-16338
-16317
-16288
-16278
-16212
-16206
-16181
-16180
-16172
-16058
-16046
-16020
-16002
-15997
-15963
-15948
-15934
-15895
-15876
-15872
-15826
-15776
-15752
-15750
-15678
-15651
-15644
-15601
-15570
-15547
-15499
-15497
-15493
-15486
-15477
-15464
-15447
-15442
-15434
-15413
-15349
-15346
-15336
-15314
-15295
-15286
-15284
-15278
-15270
-15268
-15258
-15258
-15216
-15206
-15182
-15140
-15140
-15133
-15131
-15127
-15075
-15057
-15046
-15029
-15029
-15003
-14984
-14979
-14922
-14914
-14912
-14903
-14894
-14864
-14861
-14840
-14837
-14815
-14814
-14813
-14803
-14785
-14762
-14762
-14761
-14727
-14724
-14715
-14694
-14674
-14670
-14664
-14662
-14608
-14514
-14512
-14443
-14408
-14390
-14366
-14352
-14342
-14314
-14267
-14260
-14244
-14236
-14219
-14208
-14196
-14187
-14183
-14179
-14156
-14116
-14106
-14098
-14086
-14072
-14065
-14036
-14013
-14005
-13957
-13953
-13942
-13913
-13911
-13897
-13893
-13879
-13792
-13790
-13768
-13762
-13752
-13752
-13718
-13704
-13651
-13625
-13591
-13581
-13538
-13475
-13419
-13397
-13391
-13324
-13308
-13280
-13275
-13266
-13265
-13265
-13252
-13240
-13219
-13209
-13148
-13138
-13135
-13134
-13118
-13095
-13092
-13088
-13084
-13033
-13001
-12992
-12949
-12938
-12924
-12920
-12917
-12860
-12840
-12838
-12781
-12776
-12763
-12744
-12726
-12714
-12701
-12690
-12673
-12673
-12667
-12634
-12632
-12620
-12619
-12615
-12614
-12590
-12564
-12561
-12549
-12545
-12536
-12533
-12531
-12489
-12463
-12426
-12426
-12418
-12388
-12374
-12327
-12323
-12318
-12303
-12296
-12295
-12294
-12194
-12175
-12160
-12098
-12068
-12060
-12053
-12031
-12029
-11985
-11961
-11956
-11949
-11929
-11912
-11909
-11897
-11896
-11893
-11878
-11863
-11828
-11795
-11708
-11677
-11648
-11574
-11560
-11545
-11544
-11530
-11529
-11529
-11523
-11482
-11466
-11445
-11435
-11412
-11381
-11344
-11322
-11309
-11272
-11271
-11249
-11237
-11223
-11218
-11209
-11188
-11184
-11173
-11162
-11114
-11108
-11098
-11081
-11066
-11060
-11050
-11028
-11008
-11005
-10996
-10971
-10969
-10804
-10770
-10718
-10691
-10687
-10681
-10668
-10667
-10665
-10640
-10640
-10639
-10622
-10577
-10528
-10521
-10478
-10475
-10328
-10323
-10313
-10275
-10135
-10120
-10117
-10098
-10087
-10049
-10035
-10024
-10023
-10017
-10005
-9919
-9900
-9877
-9848
-9826
-9806
-9771
-9758
-9731
-9711
-9706
-9686
-9684
-9656
-9645
-9621
-9605
-9599
-9595
-9588
-9575
-9568
-9545
-9539
-9522
-9484
-9453
-9446
-9443
-9404
-9384
-9370
-9362
-9348
-9343
-9318
-9286
-9271
-9266
-9196
-9192
-9171
-9164
-9157
-9128
-9123
-9109
-9106
-9102
-9093
-9003
-8997
-8955
-8951
-8946
-8925
-8849
-8835
-8834
-8834
-8824
-8789
-8761
-8753
-8721
-8706
-8632
-8614
-8611
-8588
-8587
-8552
-8543
-8530
-8528
-8516
-8471
-8460
-8447
-8429
-8428
-8394
-8389
-8384
-8381
-8355
-8354
-8339
-8336
-8279
-8274
-8271
-8259
-8230
-8190
-8183
-8171
-8112
-8109
-8098
-8097
-8050
-8040
-8036
-8031
-8001
-7999
-7960
-7921
-7883
-7870
-7836
-7803
-7791
-7760
-7754
-7746
-7744
-7741
-7705
-7699
-7694
-7693
-7674
-7653
-7632
-7623
-7613
-7592
-7586
-7585
-7581
-7552
-7531
-7527
-7524
-7489
-7485
-7479
-7474
-7465
-7428
-7414
-7399
-7388
-7385
-7381
-7360
-7346
-7331
-7325
-7325
-7279
-7257
-7215
-7146
-7127
-7125
-7090
-7059
-7047
-7038
-7024
-6991
-6972
-6956
-6950
-6906
-6904
-6867
-6798
-6745
-6689
-6683
-6643
-6639
-6633
-6608
-6541
-6508
-6501
-6469
-6453
-6444
-6391
-6382
-6373
-6373
-6353
-6344
-6334
-6326
-6290
-6250
-6239
-6232
-6227
-6225
-6224
-6216
-6215
-6210
-6209
-6175
-6147
-6135
-6129
-6100
-6088
-6058
-6038
-5986
-5975
-5950
-5894
-5892
-5882
-5773
-5746
-5727
-5715
-5683
-5677
-5670
-5624
-5581
-5580
-5540
-5533
-5514
-5503
-5488
-5466
-5440
-5434
-5429
-5328
-5319
-5309
-5250
-5242
-5222
-5219
-5206
-5205
-5119
-5083
-5080
-5061
-5050
-5026
-5008
-5002
-4993
-4960
-4922
-4864
-4851
-4840
-4826
-4821
-4819
-4792
-4777
-4771
-4693
-4673
-4656
-4651
-4636
-4632
-4599
-4588
-4577
-4568
-4565
-4551
-4544
-4507
-4497
-4495
-4480
-4457
-4436
-4429
-4410
-4388
-4384
-4309
-4291
-4279
-4256
-4200
-4185
-4182
-4170
-4090
-4037
-4006
-4004
-3997
-3994
-3965
-3948
-3903
-3893
-3845
-3843
-3839
-3760
-3738
-3715
-3709
-3689
-3682
-3674
-3631
-3611
-3588
-3575
-3565
-3552
-3548
-3509
-3502
-3489
-3445
-3443
-3436
-3432
-3414
-3374
-3362
-3359
-3355
-3294
-3265
-3265
-3248
-3225
-3223
-3223
-3205
-3194
-3179
-3173
-3161
-3153
-3144
-3135
-3115
-3071
-3067
-3065
-3037
-2973
-2972
-2959
-2955
-2944
-2940
-2877
-2817
-2769
-2723
-2684
-2682
-2670
-2655
-2644
-2629
-2621
-2619
-2619
-2608
-2604
-2603
-2600
-2593
-2584
-2563
-2547
-2528
-2525
-2524
-2460
-2430
-2418
-2369
-2361
-2341
-2320
-2288
-2257
-2235
-2231
-2201
-2196
-2153
-2145
-2144
-2088
-2070
-2069
-2068
-2043
-2033
-1996
-1968
-1950
-1945
-1931
-1922
-1909
-1906
-1896
-1875
-1874
-1848
-1835
-1816
-1816
-1775
-1763
-1743
-1723
-1714
-1698
-1672
-1667
-1621
-1615
-1591
-1575
-1565
-1542
-1509
-1473
-1391
-1342
-1323
-1317
-1306
-1289
-1288
-1281
-1268
-1263
-1245
-1242
-1226
-1220
-1217
-1202
-1196
-1195
-1178
-1174
-1168
-1107
-1103
-1085
-1080
-1067
-1043
-985
-984
-978
-971
-936
-924
-924
-898
-876
-839
-839
-838
-828
-787
-775
-577
-535
-453
-442
-439
-421
-349
-331
-320
-279
-247
-181
-127
-113
-96
-93
-77
-40
4
46
64
80
120
133
148
165
178
184
199
205
229
229
256
260
272
294
310
313
348
388
442
493
510
545
564
574
653
653
676
681
698
710
713
749
776
793
819
851
857
862
866
895
909
1091
1116
1145
1173
1173
1204
1257
1275
1292
1298
1353
1354
1358
1370
1414
1429
1432
1448
1507
1521
1559
1568
1570
1583
1584
1606
1617
1666
1687
1691
1710
1741
1744
1754
1787
1794
1802
1826
1900
1914
1987
2012
2014
2014
2015
2033
2085
2157
2187
2195
2196
2206
2272
2276
2288
2318
2320
2371
2393
2397
2450
2466
2471
2514
2516
2516
2548
2555
2571
2596
2604
2631
2639
2709
2719
2734
2740
2753
2755
2772
2820
2822
2854
2857
2865
2868
2870
2889
2898
2927
2932
2938
2959
2962
2989
3031
3034
3036
3079
3084
3107
3117
3126
3141
3172
3192
3216
3221
3227
3228
3228
3237
3261
3272
3282
3297
3313
3328
3333
3339
3344
3350
3358
3363
3370
3390
3412
3414
3424
3472
3499
3501
3502
3523
3525
3538
3655
3666
3674
3732
3744
3754
3773
3786
3809
3809
3817
3825
3837
3841
3847
3852
3861
3867
3909
3913
3942
3953
3981
3983
3997
4015
4063
4067
4070
4113
4114
4117
4156
4179
4180
4192
4219
4222
4230
4235
4236
4264
4282
4287
4297
4303
4308
4367
4368
4392
4427
4455
4477
4480
4510
4518
4519
4521
4560
4563
4616
4630
4651
4664
4664
4712
4729
4782
4782
4858
4865
4885
4887
4907
4908
4913
4943
4999
5013
5014
5037
5049
5053
5059
5063
5075
5102
5112
5155
5195
5196
5243
5249
5279
5309
5387
5410
5477
5495
5553
5592
5617
5642
5694
5701
5760
5779
5835
5854
5889
5949
5955
5957
5959
5977
6045
6070
6070
6084
6095
6099
6100
6105
6123
6127
6148
6151
6156
6194
6215
6217
6222
6249
6265
6305
6315
6351
6395
6476
6503
6519
6534
6603
6632
6674
6711
6716
6764
6777
6815
6864
6888
6891
6925
6974
6979
6989
7043
7049
7060
7068
7070
7083
7088
7108
7119
7167
7187
7191
7226
7228
7243
7250
7256
7349
7371
7376
7395
7409
7432
7490
7515
7522
7529
7537
7556
7591
7611
7618
7651
7671
7745
7763
7783
7807
7819
7825
7836
7841
7869
7869
7896
7901
7932
7945
7963
7996
8028
8039
8042
8054
8076
8077
8078
8082
8099
8112
8138
8180
8187
8195
8196
8197
8197
8239
8264
8307
8370
8387
8402
8408
8502
8575
8647
8662
8688
8708
8713
8714
8722
8723
8836
8857
8866
8919
8990
8996
9006
9011
9025
9029
9031
9036
9048
9128
9160
9164
9168
9183
9201
9226
9246
9319
9346
9372
9381
9383
9390
9398
9410
9487
9491
9515
9522
9545
9555
9559
9607
9609
9639
9704
9705
9715
9718
9722
9747
9791
9794
9827
9832
9850
9854
9864
9869
9903
9924
9930
9934
9952
9997
10017
10025
10036
10072
10103
10128
10129
10131
10140
10184
10184
10213
10230
10245
10269
10297
10297
10322
10408
10444
10479
10493
10524
10534
10548
10569
10606
10635
10675
10678
10686
10699
10731
10798
10803
10811
10821
10823
10827
10872
10872
10883
10888
10909
10924
10959
10994
11017
11052
11079
11081
11090
11097
11107
11111
11125
11128
11186
11189
11206
11268
11276
11282
11308
11310
11314
11343
11345
11381
11392
11416
11439
11443
11495
11499
11505
11534
11602
11638
11645
11671
11687
11710
11725
11736
11737
11746
11754
11759
11807
11809
11812
11814
11831
11838
11861
11876
11907
11908
11913
11921
11931
11940
12071
12083
12100
12129
12138
12163
12166
12166
12179
12228
12255
12276
12293
12300
12410
12458
12463
12473
12479
12484
12504
12519
12521
12523
12523
12619
12626
12642
12660
12667
12725
12741
12763
12765
12769
12773
12799
12833
12913
12920
12923
12940
12987
12988
12989
13005
13040
13043
13062
13070
13089
13092
13105
13118
13120
13123
13138
13140
13183
13183
13249
13254
13260
13267
13289
13381
13381
13454
13469
13482
13492
13524
13536
13547
13570
13572
13650
13680
13704
13709
13737
13744
13752
13761
13833
13858
13859
13859
13871
13872
13896
13908
13953
13979
14002
14005
14023
14030
14030
14049
14049
14054
14085
14096
14117
14146
14175
14178
14207
14207
14213
14213
14226
14231
14236
14249
14249
14259
14275
14285
14288
14323
14331
14402
14405
14462
14474
14507
14538
14548
14585
14597
14597
14632
14646
14652
14700
14717
14737
14773
14775
14846
14902
14918
14954
14973
14991
15042
15051
15058
15077
15135
15184
15194
15235
15238
15240
15246
15269
15276
15281
15288
15295
15296
15312
15323
15333
15338
15393
15496
15496
15536
15551
15557
15576
15605
15622
15627
15653
15653
15658
15679
15719
15723
15731
15789
15800
15827
15845
15881
15886
15889
15953
15962
15987
15989
15994
16009
16030
16042
16055
16058
16063
16124
16149
16188
16260
16271
16286
16315
16324
16335
16347
16369
16391
16415
16415
16424
16426
16428
16445
16532
16582
16625
16631
16632
16639
16659
16690
16721
16752
16758
16759
16761
16786
16822
16827
16841
16903
16909
16910
16912
16931
16940
16961
16962
16966
16968
16993
16996
16999
17012
17016
17030
17047
17072
17085
17128
17133
17159
17168
17204
17222
17229
17243
17270
17273
17275
17303
17319
17327
17329
17330
17330
17337
17339
17348
17367
17372
17388
17413
17421
17430
17442
17466
17486
17525
17534
17537
17541
17576
17599
17606
17706
17709
17724
17735
17741
17833
17862
17870
17890
17907
17907
17938
17947
17960
17983
18013
18122
18139
18141
18196
18210
18212
18223
18230
18237
18248
18250
18253
18260
18278
18322
18345
18352
18357
18379
18388
18418
18419
18436
18444
18460
18462
18576
18614
18649
18678
18680
18699
18713
18716
18751
18758
18771
18809
18839
18855
18866
18885
18886
18957
18975
18994
19025
19035
19135
19144
19194
19201
19205
19209
19211
19217
19258
19276
19276
19297
19302
19333
19335
19359
19377
19392
19393
19465
19477
19494
19495
19506
19526
19556
19570
19571
19630
19699
19705
19721
19731
19744
19759
19769
19781
19794
19810
19814
19828
19839
19872
19880
19884
19886
19893
19928
19943
19959
19988
19990
20026
20032
20070
20072
20100
20114
20160
20193
20201
20210
20225
20238
20250
20251
20254
20261
20262
20265
20281
20282
20347
20350
20392
20438
20441
20442
20467
20480
20488
20489
20495
20498
20498
20515
20531
20532
20534
20550
20596
20674
20691
20722
20739
20788
20805
20814
20817
20835
20850
20867
20886
20886
20895
20944
20966
20976
20989
20993
21034
21066
21080
21117
21136
21139
21147
21151
21152
21162
21166
21170
21175
21198
21224
21258
21275
21322
21350
21376
21382
21396
21403
21419
21423
21449
21506
21508
21538
21553
21566
21580
21588
21627
21642
21644
21651
21651
21737
21742
21758
21772
21772
21785
21817
21860
21869
21881
21892
21895
21946
22012
22037
22058
22061
22068
22090
22096
22108
22131
22146
22166
22169
22197
22219
22230
22259
22269
22341
22368
22380
22381
22407
22408
22430
22455
22466
22468
22580
22594
22612
22624
22630
22638
22675
22731
22762
22780
22786
22799
22800
22810
22828
22829
22848
22853
22874
22883
22890
22920
22921
22924
22940
22942
22968
22978
22982
23050
23058
23079
23122
23147
23147
23153
23162
23165
23168
23180
23198
23202
23220
23240
23241
23244
23287
23296
23349
23361
23389
23458
23464
23512
23515
23533
23533
23547
23560
23569
23572
23578
23589
23595
23610
23680
23689
23734
23736
23737
23761
23858
23879
23889
23895
23900
23937
23990
24006
24012
24050
24070
24090
24103
24147
24201
24211
24212
24246
24258
24278
24304
24316
24320
24328
24377
24387
24389
24407
24448
24448
24457
24463
24465
24477
24488
24497
24512
24547
24564
24564
24610
24621
24628
24650
24719
24741
24760
24769
24772
24779
24815
24831
24849
24853
24855
24943
24997
25176
25198
25223
25239
25282
25370
25384
25392
25402
25423
25429
25436
25443
25461
25502
25527
25544
25584
25634
25730
25745
25779
25816
25831
25858
25861
25895
25903
25905
25918
25926
25933
26008
26027
26064
26064
26078
26087
26109
26129
26134
26160
26176
26193
26194
26198
26250
26271
26338
26364
26370
26388
26428
26456
26460
26471
26483
26497
26537
26546
26551
26553
26557
26560
26579
26632
26644
26665
26667
26675
26680
26692
26708
26723
26730
26755
26821
26855
26894
26899
26906
26917
26925
26930
26974
27024
27034
27070
27081
27102
27114
27177
27195
27221
27235
27273
27291
27308
27325
27334
27336
27382
27384
27402
27406
27409
27429
27437
27464
27474
27478
27494
27500
27518
27520
27520
27532
27544
27549
27563
27584
27598
27658
27682
27684
27757
27779
27828
27863
27870
27882
27883
27889
27918
27924
27944
27981
28011
28013
28023
28029
28039
28042
28070
28084
28091
28102
28102
28127
28142
28191
28192
28208
28236
28264
28284
28291
28293
28301
28346
28370
28457
28471
28489
28502
28506
28512
28544
28548
28615
28632
28672
28706
28728
28729
28784
28804
28813
28813
28837
28852
28857
28868
28889
28896
28923
28952
28987
28990
29022
29036
29076
29116
29152
29154
29197
29284
29317
29366
29383
29400
29404
29419
29428
29439
29462
29503
29509
29556
29562
29583
29594
29594
29599
29601
29607
29646
29654
29658
29662
29666
29671
29677
29694
29744
29746
29751
29778
29785
29799
29815
29815
29817
29825
29828
29835
29839
29872
29880
29890
29908
29986
30017
30044
30047
30050
30076
30120
30131
30131
30179
30193
30209
30262
30282
30285
30300
30329
30338
30355
30379
30380
30420
30437
30511
30530
30550
30562
30568
30587
30594
30606
30610
30613
30626
30634
30645
30655
30675
30715
30765
30786
30787
30817
30825
30838
30848
30868
30916
30921
30923
30929
30947
30952
30956
31012
31022
31052
31062
31074
31081
31166
31179
31191
31221
31234
31241
31248
31273
31291
31324
31346
31349
31384
31399
31497
31503
31529
31530
31533
31557
31587
31598
31630
31640
31680
31692
31699
31722
31722
31735
31735
31802
31808
31813
31854
31889
31910
31927
31952
31954
31957
31967
31993
32013
32049
32088
32090
32103
32146
32154
32183
32191
32242
32248
32251
32258
32282
32328
32336
32360
32377
32402
32406
32419
32437
32447
32455
32563
32569
32570
32574
32584
32652
32687
32687
32698
32710
32718
32769
32819
32832
32847
32867
32876
32894
32921
32997
33000
33019
33027
33028
33038
33057
33069
33082
33088
33088
33104
33105
33168
33221
33362
33436
33444
33451
33459
33472
33488
33490
33490
33499
33522
33528
33537
33551
33553
33560
33665
33675
33695
33772
33790
33797
33804
33808
33812
33839
33854
33923
33927
33936
33947
33955
33980
33986
33992
33996
33996
34027
34066
34082
34089
34126
34141
34146
34157
34166
34190
34194
34225
34235
34242
34251
34275
34304
34306
34318
34321
34334
34392
34397
34404
34419
34438
34474
34495
34531
34533
34590
34592
34642
34648
34684
34685
34700
34710
34716
34721
34721
34747
34750
34767
34769
34786
34786
34825
34838
34849
34892
34904
34914
34921
34924
34940
34974
34979
34986
35023
35032
35032
35043
35063
35109
35151
35171
35174
35182
35190
35242
35270
35301
35318
35345
35378
35454
35466
35541
35551
35564
35582
35609
35633
35649
35665
35667
35677
35686
35706
35729
35737
35767
35790
35790
35792
35803
35857
35861
35865
35901
35921
35949
35962
35962
35964
35977
36033
36078
36112
36135
36192
36251
36282
36308
36336
36362
36364
36404
36414
36425
36446
36457
36484
36492
36496
36543
36572
36666
36669
36709
36767
36773
36803
36816
36816
36838
36840
36846
36869
36884
36912
36940
36947
36957
36969
36995
36995
37024
37036
37062
37067
37077
37130
37157
37161
37209
37238
37253
37268
37279
37317
37325
37418
37419
37467
37515
37553
37555
37583
37586
37589
37591
37595
37659
37699
37741
37767
37786
37841
37842
37858
37864
37914
37949
37975
37989
38014
38025
38030
38083
38089
38090
38097
38110
38136
38155
38193
38200
38204
38218
38219
38224
38230
38231
38316
38334
38337
38351
38354
38359
38370
38373
38475
38491
38497
38530
38545
38548
38573
38576
38578
38591
38612
38623
38630
38693
38713
38765
38767
38788
38789
38802
38826
38831
38841
38863
38875
38877
38880
38901
38923
38940
38943
39018
39019
39034
39037
39081
39110
39137
39144
39211
39220
39225
39244
39255
39263
39269
39274
39285
39298
39347
39347
39364
39378
39378
39395
39419
39449
39453
39469
39488
39490
39496
39497
39499
39524
39537
39588
39592
39622
39647
39665
39668
39686
39686
39697
39699
39707
39722
39729
39739
39794
39818
39839
39841
39900
39906
39908
39919
39941
39941
39945
39948
39957
39993
40010
40031
40053
40078
40148
40202
40202
40242
40253
40277
40279
40341
40347
40348
40360
40376
40381
40388
40394
40415
40445
40459
40475
40483
40508
40514
40549
40575
40577
40625
40647
40656
40674
40722
40737
40758
40785
40811
40822
40830
40844
40845
40845
40853
40861
40877
40880
40908
40927
40929
40942
40976
41001
41004
41013
41050
41070
41100
41126
41126
41170
41180
41200
41210
41218
41221
41248
41273
41277
41297
41298
41302
41305
41308
41310
41313
41314
41316
41338
41340
41351
41383
41392
41400
41403
41409
41419
41457
41460
41490
41503
41552
41555
41567
41575
41588
41589
41629
41662
41673
41737
41799
41809
41861
41870
41871
41892
41917
41917
41932
41949
41970
41990
41991
42006
42014
42018
42041
42044
42055
42070
42074
42091
42128
42133
42145
42150
42166
42183
42195
42211
42237
42238
42246
42250
42257
42347
42361
42374
42384
42385
42410
42418
42427
42431
42440
42459
42468
42496
42503
42508
42541
42575
42590
42618
42621
42647
42652
42675
42688
42693
42703
42741
42743
42780
42782
42800
42825
42827
42839
42862
42869
42892
42951
42968
43029
43040
43042
43057
43059
43119
43132
43156
43172
43216
43263
43267
43269
43286
43289
43291
43311
43337
43341
43344
43374
43386
43440
43454
43460
43516
43535
43546
43551
43596
43597
43603
43669
43712
43719
43730
43738
43763
43765
43765
43766
43787
43790
43796
43817
43854
43855
43886
43906
43967
43994
44025
44104
44117
44121
44162
44164
44170
44199
44202
44211
44219
44219
44261
44317
44322
44324
44363
44367
44377
44390
44444
44499
44508
44527
44533
44557
44583
44588
44620
44634
44637
44650
44651
44660
44704
44716
44792
44796
44807
44821
44850
44868
44876
44897
44900
44920
44931
44936
44950
45005
45021
45091
45096
45117
45170
45248
45250
45266
45273
45284
45338
45404
45405
45425
45437
45451
45467
45467
45473
45478
45486
45554
45569
45570
45583
45609
45637
45730
45773
45783
45796
45814
45831
45858
45891
45894
45899
45920
45922
45954
45972
45975
46041
46079
46113
46142
46143
46164
46166
46222
46290
46290
46363
46443
46457
46479
46495
46529
46534
46556
46619
46632
46686
46734
46742
46746
46770
46778
46828
46837
46838
46847
46851
46862
46891
46901
46902
46910
46917
46919
46937
46961
46969
46971
47004
47044
47060
47082
47084
47117
47158
47179
47193
47220
47251
47354
47409
47417
47430
47459
47474
47475
47481
47492
47506
47550
47553
47556
47606
47641
47659
47667
47668
47676
47698
47738
47764
47823
47844
47857
47861
47914
47925
47934
47968
48028
48034
48087
48103
48173
48179
48235
48236
48263
48276
48299
48341
48347
48367
48392
48431
48444
48459
48476
48479
48494
48554
48593
48596
48611
48646
48659
48669
48729
48729
48770
48788
48835
48845
48848
48878
48880
48883
48889
48908
48911
48943
48965
48970
48975
48985
48985
49130
49131
49161
49165
49175
49216
49252
49284
49323
49342
49423
49463
49474
49475
49483
49520
49544
49564
49567
49606
49635
49644
49654
49660
49669
49671
49680
49694
49697
49709
49757
49775
49788
49822
49837
49841
49908
49923
49988
50061
50093
50144
50160
50193
50203
50273
50288
50290
50312
50315
50332
50386
50403
50478
50495
50533
50555
50569
50586
50618
50632
50659
50660
50700
50701
50732
50745
50762
50762
50776
50777
50790
50821
50828
50848
50849
50852
50892
50899
50921
50928
50962
50964
50964
50982
50999
51002
51034
51064
51081
51090
51118
51122
51138
51151
51159
51197
51240
51247
51273
51285
51416
51419
51454
51462
51465
51471
51480
51504
51509
51518
51579
51582
51588
51591
51597
51602
51609
51696
51741
51757
51764
51772
51802
51832
51833
51847
51854
51887
51898
51909
51927
51945
51970
52019
52024
52029
52036
52037
52066
52090
52093
52108
52138
52142
52163
52169
52177
52211
52221
52256
52266
52303
52306
52311
52371
52391
52420
52468
52473
52486
52494
52543
52564
52600
52718
52719
52722
52744
52780
52810
52816
52822
52866
52869
52879
52924
52929
52940
52952
52954
52955
52957
53010
53069
53090
53107
53114
53117
53129
53161
53169
53182
53201
53217
53244
53245
53252
53280
53284
53326
53342
53358
53365
53387
53423
53456
53464
53469
53515
53542
53549
53561
53585
53595
53604
53606
53607
53631
53690
53698
53703
53732
53734
53741
53751
53762
53778
53792
53838
53845
53854
53888
53907
53981
54000
54019
54021
54023
54054
54080
54086
54100
54108
54176
54182
54198
54214
54253
54266
54284
54349
54368
54382
54439
54444
54447
54467
54482
54526
54559
54570
54603
54606
54636
54660
54683
54688
54696
54743
54758
54795
54814
54858
54877
54882
54914
54919
54938
54970
54987
54989
55031
55081
55111
55122
55195
55224
55225
55229
55256
55273
55279
55302
55303
55319
55354
55413
55459
55460
55463
55503
55514
55530
55531
55532
55561
55585
55619
55682
55683
55702
55705
55706
55725
55738
55740
55740
55747
55758
55812
55813
55825
55898
55939
56066
56090
56096
56103
56104
56132
56152
56161
56204
56230
56238
56304
56326
56342
56348
56349
56372
56383
56388
56390
56407
56460
56470
56471
56473
56505
56540
56562
56574
56576
56577
56600
56606
56612
56613
56637
56642
56670
56687
56717
56726
56743
56876
56889
56945
56951
56965
56980
56980
56981
56991
56995
56996
56998
57031
57045
57059
57126
57161
57210
57210
57214
57228
57229
57232
57232
57239
57245
57250
57251
57279
57281
57286
57300
57315
57315
57372
57402
57412
57412
57413
57430
57457
57507
57509
57528
57531
57586
57589
57593
57611
57618
57621
57648
57667
57718
57719
57734
57766
57772
57822
57824
57875
57875
57879
57883
57914
57938
57953
57960
57986
57991
57994
58019
58038
58059
58087
58099
58120
58129
58153
58183
58194
58199
58204
58216
58241
58248
58253
58257
58292
58300
58323
58336
58376
58379
58379
58406
58417
58455
58503
58541
58619
58645
58655
58664
58677
58687
58704
58733
58751
58753
58788
58796
58800
58813
58825
58832
58908
58934
58936
58942
58958
58970
58982
59010
59011
59025
59031
59032
59050
59051
59055
59074
59090
59102
59142
59146
59206
59238
59241
59257
59271
59274
59297
59319
59322
59337
59348
59356
59396
59409
59449
59458
59468
59534
59556
59567
59571
59601
59604
59626
59637
59660
59667
59712
59715
59763
59764
59765
59768
59776
59808
59824
59849
59891
59941
59945
59979
59984
59989
59996
60022
60029
60039
60065
60091
60135
60200
60205
60262
60275
60275
60300
60328
60356
60403
60414
60431
60451
60458
60538
60549
60557
60589
60592
60614
60627
60663
60725
60733
60760
60773
60793
60797
60798
60804
60820
60823
60882
60882
60885
60886
60895
60902
60936
60977
61000
61024
61034
61046
61049
61055
61070
61091
61101
61137
61147
61179
61186
61253
61260
61261
61269
61282
61314
61329
61337
61347
61371
61371
61391
61406
61454
61468
61476
61479
61482
61494
61494
61527
61531
61531
61541
61584
61596
61623
61628
61632
61641
61641
61644
61696
61699
61699
61708
61731
61766
61772
61804
61821
61842
61872
61887
61898
61902
61903
61915
61919
61934
61974
61986
61992
62003
62019
62046
62077
62082
62088
62116
62125
62151
62154
62212
62239
62247
62278
62285
62353
62404
62418
62458
62470
62470
62473
62481
62510
62522
62522
62523
62553
62570
62572
62575
62579
62617
62618
62637
62653
62654
62692
62727
62731
62744
62779
62823
62889
62914
62914
62942
62959
62961
62991
63095
63156
63160
63181
63186
63222
63227
63230
63251
63253
63271
63305
63318
63318
63320
63363
63392
63490
63522
63527
63538
63568
63572
63583
63590
63595
63604
63616
63621
63664
63726
63734
63753
63763
63878
63899
63906
63943
63947
63983
64045
64091
64110
64122
64130
64190
64249
64255
64274
64288
64289
64319
64340
64360
64365
64373
64391
64411
64425
64434
64473
64492
64550
64581
64584
64601
64608
64643
64647
64663
64702
64703
64709
64715
64751
64811
64811
64812
64849
64888
64956
64960
64978
64995
65000
65005
65010
65043
65058
65063
65063
65088
65129
65184
65205
65215
65224
65273
65315
65316
65320
65324
65390
65408
65490
65498
65640
65738
65750
65750
65750
65760
65770
65776
65780
65799
65827
65837
65848
65871
65890
65903
65953
65959
65977
66003
66059
66085
66086
66091
66111
66113
66131
66145
66201
66222
66231
66236
66262
66280
66302
66340
66374
66394
66418
66426
66516
66543
66581
66581
66588
66603
66605
66633
66637
66637
66687
66708
66718
66729
66734
66760
66774
66778
66778
66803
66805
66816
66823
66854
66895
66906
66930
66935
66942
66947
66956
66981
66982
67004
67006
67035
67041
67147
67158
67166
67175
67196
67208
67215
67220
67222
67229
67236
67249
67302
67330
67378
67379
67399
67417
67433
67436
67440
67449
67469
67476
67476
67478
67504
67513
67521
67562
67625
67636
67646
67659
67661
67692
67710
67746
67777
67819
67820
67822
67882
67893
67935
67941
67943
67943
67966
67992
68025
68046
68088
68113
68117
68135
68183
68183
68185
68195
68195
68209
68224
68245
68247
68252
68286
68289
68291
68296
68315
68350
68355
68369
68374
68381
68400
68403
68408
68420
68463
68477
68502
68539
68546
68554
68569
68583
68592
68651
68657
68668
68668
68677
68713
68721
68732
68764
68803
68811
68813
68843
68845
68904
68917
68933
68956
68976
68977
68980
69013
69060
69067
69069
69069
69090
69165
69180
69187
69221
69263
69271
69285
69297
69306
69343
69350
69377
69382
69418
69438
69448
69461
69532
69582
69583
69602
69603
69612
69629
69636
69638
69681
69708
69717
69721
69768
69871
69875
69879
69905
69915
69921
69925
69950
69969
69998
70014
70039
70042
70091
70125
70163
70168
70195
70219
70245
70261
70271
70353
70374
70437
70438
70440
70461
70463
70471
70479
70481
70488
70507
70547
70567
70577
70579
70588
70619
70660
70686
70688
70698
70756
70761
70773
70797
70831
70838
70862
70863
70871
70885
70897
70903
70913
70930
70935
70946
70951
70958
70970
70978
71021
71022
71055
71060
71080
71085
71112
71116
71134
71134
71156
71157
71162
71184
71196
71220
71242
71279
71293
71295
71350
71362
71387
71392
71421
71421
71456
71467
71501
71505
71506
71509
71534
71565
71611
71670
71679
71713
71735
71735
71750
71753
71756
71756
71777
71818
71845
71849
71865
71876
71895
71936
71964
71983
72005
72015
72021
72022
72036
72054
72064
72101
72103
72114
72134
72161
72184
72185
72186
72209
72214
72260
72279
72313
72359
72388
72389
72405
72415
72417
72420
72447
72448
72451
72458
72512
72520
72537
72543
72546
72595
72602
72611
72616
72642
72717
72720
72720
72727
72752
72785
72797
72822
72845
72856
72857
72873
72890
72928
72934
72937
72985
72987
72998
73010
73058
73077
73081
73113
73118
73128
73133
73141
73154
73155
73174
73207
73210
73251
73253
73281
73314
73322
73339
73347
73372
73479
73511
73554
73563
73601
73652
73652
73659
73683
73729
73756
73774
73833
73869
73892
73919
73920
73948
73973
73980
73985
73991
74034
74042
74058
74073
74080
74092
74101
74102
74108
74111
74112
74126
74143
74162
74193
74199
74243
74250
74263
74272
74296
74299
74324
74326
74336
74359
74376
74382
74403
74408
74435
74471
74482
74527
74534
74542
74559
74604
74607
74645
74648
74657
74677
74683
74718
74724
74738
74747
74766
74810
74829
74853
74853
74856
74877
74892
74964
74992
75043
75061
75092
75094
75107
75134
75160
75215
75246
75253
75260
75267
75281
75335
75341
75389
75390
75397
75472
75491
75504
75517
75542
75551
75560
75584
75598
75684
75700
75701
75716
75727
75756
75774
75789
75802
75807
75838
75844
75861
75905
75915
75948
75950
75959
75997
76011
76023
76038
76046
76052
76059
76076
76079
76182
76254
76262
76272
76279
76283
76306
76341
76394
76435
76436
76447
76449
76459
76491
76503
76520
76569
76574
76600
76621
76682
76732
76760
76763
76771
76795
76834
76852
76884
76889
76905
76921
76945
76971
76979
77011
77051
77069
77096
77118
77131
77133
77145
77158
77171
77186
77277
77302
77305
77316
77362
77380
77394
77416
77417
77449
77485
77502
77518
77526
77557
77583
77591
77611
77616
77627
77651
77652
77654
77655
77666
77720
77722
77765
77772
77802
77803
77809
77842
77885
77897
77940
77950
77965
77978
77990
78038
78051
78069
78085
78103
78113
78118
78119
78151
78171
78190
78197
78213
78225
78241
78243
78250
78281
78284
78290
78338
78339
78341
78344
78347
78363
78378
78413
78425
78467
78486
78528
78559
78593
78645
78659
78662
78663
78692
78731
78766
78824
78840
78841
78887
78911
78914
78933
78937
78941
78981
79009
79019
79042
79043
79075
79087
79097
79098
79122
79136
79140
79157
79165
79173
79209
79222
79249
79253
79276
79288
79289
79305
79328
79355
79367
79377
79395
79456
79468
79477
79485
79508
79513
79517
79531
79577
79585
79594
79635
79643
79644
79711
79733
79897
79903
79936
79967
79988
80057
80060
80134
80144
80159
80162
80184
80185
80213
80228
80242
80256
80295
80337
80337
80351
80433
80436
80446
80632
80640
80666
80722
80763
80771
80789
80796
80799
80819
80822
80827
80849
80857
80894
80935
80959
81002
81025
81067
81068
81081
81104
81108
81114
81133
81142
81219
81263
81270
81271
81288
81298
81301
81340
81347
81355
81357
81370
81371
81372
81398
81399
81400
81421
81426
81443
81494
81601
81628
81636
81667
81673
81677
81718
81718
81751
81753
81791
81820
81820
81834
81835
81854
81860
81874
81937
81952
81957
82003
82016
82020
82051
82088
82119
82133
82146
82160
82162
82177
82207
82222
82223
82235
82241
82258
82267
82279
82287
82292
82299
82328
82341
82361
82398
82431
82434
82445
82458
82464
82470
82488
82490
82493
82511
82715
82733
82744
82774
82822
82826
82880
82881
82893
82904
82913
82928
82930
82949
82982
83019
83020
83027
83035
83036
83057
83063
83083
83095
83102
83103
83105
83115
83120
83122
83122
83123
83141
83158
83178
83190
83191
83220
83220
83256
83261
83262
83302
83358
83364
83388
83395
83399
83410
83421
83445
83446
83453
83462
83502
83502
83515
83521
83571
83583
83638
83687
83704
83707
83713
83723
83744
83744
83751
83756
83778
83793
83806
83819
83819
83821
83838
83842
83873
83878
83880
83884
83903
83923
83966
83987
83995
84007
84028
84038
84061
84072
84086
84148
84201
84231
84252
84272
84286
84316
84332
84340
84355
84369
84384
84387
84393
84403
84405
84421
84426
84531
84544
84551
84590
84591
84618
84681
84702
84718
84725
84727
84729
84737
84792
84796
84800
84812
84833
84911
84912
84948
84951
84980
84982
84984
84986
84988
85016
85024
85026
85031
85059
85086
85136
85139
85142
85165
85196
85204
85218
85219
85227
85234
85236
85248
85279
85320
85321
85333
85353
85360
85371
85379
85383
85399
85407
85511
85513
85517
85523
85625
85707
85712
85742
85755
85763
85763
85764
85766
85776
85776
85796
85820
85823
85859
85910
85922
85923
85924
85931
86036
86044
86044
86100
86107
86123
86128
86132
86151
86173
86192
86222
86249
86267
86279
86305
86321
86332
86336
86341
86373
86373
86376
86396
86453
86477
86491
86497
86504
86504
86508
86539
86565
86571
86666
86749
86750
86759
86768
86772
86805
86817
86841
86883
86896
86942
86955
87004
87021
87068
87096
87151
87168
87188
87227
87267
87272
87275
87292
87310
87311
87311
87318
87359
87373
87379
87447
87486
87508
87536
87557
87558
87563
87571
87581
87598
87622
87630
87644
87652
87694
87714
87753
87765
87782
87813
87823
87824
87835
87837
87853
87887
87926
87959
88025
88032
88051
88064
88091
88100
88144
88158
88169
88186
88253
88274
88277
88287
88290
88318
88327
88329
88394
88414
88451
88453
88476
88599
88626
88648
88667
88669
88712
88792
88819
88828
88839
88845
88850
88867
88917
88920
88932
88932
88944
88951
88951
88967
88968
88978
89005
89031
89058
89085
89101
89108
89157
89190
89227
89245
89258
89278
89282
89302
89313
89330
89341
89352
89365
89382
89389
89447
89464
89471
89473
89477
89480
89493
89507
89508
89514
89519
89521
89525
89601
89602
89606
89613
89618
89619
89645
89662
89666
89670
89682
89698
89708
89740
89750
89771
89773
89784
89786
89815
89828
89867
89937
89950
89952
89966
89985
90024
90049
90060
90069
90078
90090
90092
90107
90107
90121
90127
90142
90160
90164
90166
90215
90216
90221
90226
90229
90270
90274
90280
90303
90345
90350
90384
90423
90486
90507
90539
90568
90580
90601
90609
90611
90667
90681
90706
90752
90760
90784
90802
90833
90837
90858
90885
90914
90996
91069
91087
91090
91100
91203
91205
91226
91236
91246
91295
91302
91303
91305
91350
91378
91420
91424
91428
91471
91484
91524
91536
91571
91640
91690
91722
91780
91784
91812
91888
91925
91930
91933
91937
91937
91953
91959
91962
91981
91986
92001
92016
92022
92026
92054
92066
92081
92137
92138
92237
92306
92316
92330
92337
92366
92368
92381
92400
92400
92423
92479
92495
92527
92542
92585
92607
92668
92675
92740
92762
92773
92780
92845
92857
92890
92913
92921
92965
92989
92992
93040
93051
93129
93134
93143
93143
93186
93208
93212
93220
93241
93268
93297
93309
93331
93357
93370
93387
93409
93442
93446
93450
93510
93547
93548
93568
93568
93596
93608
93609
93612
93614
93635
93640
93662
93664
93706
93709
93719
93741
93759
93781
93783
93787
93788
93800
93805
93839
93840
93871
93873
93874
94004
94015
94022
94022
94087
94104
94110
94113
94114
94147
94189
94198
94224
94227
94291
94316
94322
94330
94331
94355
94381
94398
94503
94504
94516
94525
94539
94557
94669
94677
94688
94694
94745
94748
94809
94855
94857
94880
94881
94915
94964
94967
94968
94970
94972
95011
95069
95091
95096
95101
95104
95167
95168
95225
95260
95294
95305
95313
95322
95362
95362
95397
95404
95409
95424
95435
95486
95489
95505
95520
95525
95532
95546
95551
95555
95559
95571
95595
95630
95650
95657
95703
95710
95712
95715
95785
95790
95799
95807
95813
95815
95817
95820
95828
95847
95854
95863
95920
95928
95948
95954
95969
95970
95984
96002
96015
96059
96108
96124
96146
96149
96156
96192
96192
96239
96240
96261
96307
96316
96375
96434
96458
96463
96499
96501
96512
96514
96515
96528
96546
96559
96588
96597
96601
96632
96636
96648
96654
96709
96735
96745
96781
96788
96797
96828
96891
96893
96949
96958
96962
96980
96988
97003
97038
97071
97122
97150
97151
97159
97166
97173
97180
97190
97194
97262
97291
97295
97324
97340
97370
97379
97404
97481
97498
97502
97531
97547
97548
97567
97652
97674
97718
97718
97725
97735
97788
97850
97875
97890
97912
97918
97933
97938
97948
97963
97993
98002
98021
98057
98079
98112
98144
98189
98218
98226
98309
98318
98343
98345
98347
98359
98362
98382
98382
98384
98394
98420
98453
98455
98499
98503
98578
98602
98626
98648
98669
98681
98686
98689
98697
98712
98719
98729
98743
98755
98825
98837
98842
98844
98868
98878
98912
98924
98933
98944
98956
98968
99000
99018
99028
99028
99039
99085
99091
99110
99118
99127
99140
99144
99151
99157
99167
99184
99198
99225
99262
99276
99287
99300
99325
99329
99340
99361
99363
99371
99403
99420
99465
99474
99482
99484
99575
99601
99602
99651
99659
99663
99675
99688
99705
99707
99708
99722
99729
99747
99780
99802
99809
99811
99829
99851
99903
99904
99947
99955
99956
