-82945
-76432
42110
55645
81729
34138
-64177
90999
-17491
-20791
75694
93746
-48439
48902
54073
6197
-13802
19540
69399
64713
29254
15435
-29709
16646
-9145
53789
14312
-79953
-33773
23644
26223
-77782
29131
26431
-64748
-58278
67424
60557
-75826
89394
-14374
-48451
53886
3375
-62106
34519
20050
92586
70310
28828
13913
-68329
-83803
45464
24681
-37783
-22525
-90154
-94987
40825
46284
-52504
66506
32938
-94295
52935
-40738
-40216
22973
-71775
-89431
18035
38299
5484
90214
72998
32301
-23390
-92815
-3502
42369
-55105
29766
78160
-57363
-32497
94046
7614
-52788
87901
-19408
-80913
3963
75283
97001
47660
79737
31135
-13323
-92064
